# GIMP 'Curves' settings

(time 0)
(linear no)
(channel value)
(curve
    (curve-type smooth)
    (points 8 0 0 0.56430446194225714 0.9375 0.90026246719160108 0 1 1)
    (point-types 4 smooth smooth smooth smooth)
    (n-samples 256)
    (samples 256 0 0.009772414500747997 0.0195438850894313 0.029313467853985212 0.039080218882345058 0.048843194262446113 0.058601450082223706 0.06835404242961314 0.078100027392549731 0.087838461058968753 0.097568399516805571 0.10728889885399542 0.11699901515847363 0.12669780451817556 0.13638432302103642 0.14605762675499162 0.15571677180797641 0.16536081426792609 0.17498881022277604 0.18459981576046147 0.19419288696891771 0.20376707993608006 0.2133214507498839 0.22285505549826445 0.23236695026915699 0.24185619115049706 0.2513218342302197 0.26076293559626029 0.27017855133655411 0.27956773753903669 0.28892955029164291 0.29826304568230855 0.30756727979896853 0.31684130872955851 0.32608418856201343 0.33529497538426895 0.34447272528425998 0.35361649434992226 0.36272533866919066 0.37179831433000093 0.38083447742028803 0.38983288402798733 0.39879259024103425 0.4077126521473643 0.41659212583491223 0.42543006739161376 0.43422553290540394 0.44297757846421854 0.4516852601559922 0.46034763406866086 0.46896375629015929 0.47753268290842321 0.48605347001138771 0.49452517368698817 0.50294685002315986 0.51131755510783816 0.51963634502895839 0.52790227587445571 0.53611440373226538 0.544271784690323 0.55237347483656352 0.56041853025892263 0.56840600704533539 0.57633496128373707 0.58420444906206315 0.59201352646824879 0.59976124959022936 0.60744667451594025 0.61506885733331673 0.62262685413029362 0.63011972099480729 0.63754651401479212 0.64490628927818372 0.65219810287291735 0.65942101088692839 0.66657406940815211 0.673656334524524 0.68066686232397888 0.68760470889445258 0.69446893032388024 0.70125858270019703 0.70797272211133833 0.71461040464523939 0.72117068638983572 0.72765262343306247 0.73405527186285502 0.74037768776714852 0.74661892723387824 0.75277804635098011 0.75885410120638841 0.7648461478880394 0.77075324248386767 0.77657444108180906 0.78230879976979872 0.7879553746357717 0.79351322176766359 0.79898139725340944 0.80435895718094486 0.8096449576382051 0.81483845471312533 0.81993850449364092 0.82494416306768703 0.82985448652319938 0.83466853094811277 0.83938535243036283 0.84400400705788459 0.84852355091861376 0.85294304010048538 0.85726153069143507 0.86147807877939742 0.86559174045230836 0.86960157179810282 0.87350662890471664 0.87730596786008463 0.88099864475214229 0.88458371566882477 0.88806023669806766 0.89142726392780602 0.89468385344597534 0.89782906134051099 0.90086194369934791 0.9037815566104217 0.90658695616166751 0.90927719844102084 0.91185133953641673 0.91430843553579078 0.91664754252707792 0.91886771659821398 0.92096801383713389 0.92294749033177292 0.92480520217006656 0.92654020543995008 0.92815155622935863 0.92963831062622793 0.93099952471849268 0.93223425459408882 0.93334155634095117 0.93432048604701512 0.93517009980021615 0.93588945368848964 0.93647760379977063 0.93693360622199451 0.93725651704309676 0.93744539235101232 0.9375 0.9371132775900255 0.93596534545341759 0.93407455623014901 0.93145926256019329 0.92813781708352283 0.92412857244011093 0.91944988126993132 0.91412009621295609 0.90815756990915908 0.90158065499851281 0.89440770412099035 0.88665706991656545 0.87834710502521041 0.86949616208689839 0.86012259374160283 0.85024475262929633 0.83988099138995254 0.82904966266354396 0.81776911909004413 0.80605771330942566 0.79393379796166186 0.78141572568672557 0.76852184912459043 0.75527052091522873 0.74168009369861387 0.72776892011471928 0.71355535280351734 0.69905774440498203 0.68429444755908508 0.66928381490580058 0.65404419908510136 0.63859395273696051 0.62295142850135121 0.60713497901824598 0.59116295692761833 0.57505371486944112 0.55882560548368787 0.5424969814103312 0.52608619528934419 0.5096115997606997 0.49309154746437156 0.47654439104033219 0.45998848312855467 0.44344217636901223 0.42692382340167789 0.41045177686652484 0.39404438940352604 0.3777200136526544 0.36149700225388309 0.34539370784718537 0.32942848307253392 0.31361968056990225 0.29798565297926299 0.28254475294058939 0.26731533309385469 0.25231574607903168 0.23756434453609343 0.2230794811050133 0.20887950842576394 0.19498277913831882 0.18140764588265068 0.16817246129873265 0.15529557802653798 0.14279534870603952 0.13069012597721039 0.11899826248002379 0.10773811085445252 0.096928023740469937 0.086586353778048825 0.076731453607162381 0.067381675867783736 0.05855537319988581 0.05027089824344172 0.042546603638424614 0.035400842024807408 0.028851966042563355 0.022918328331665273 0.01761828153208635 0.012970178283799689 0.0089923712267782688 0.0057032130009952208 0.0031210562464235479 0.0012642536030363458 0.00015115771080668409 0 0 0.0028183703397411781 0.010028560119430489 0.021450820364245705 0.036905402099364555 0.056212556349964853 0.079192534141224291 0.10566558649832067 0.13545196444643171 0.16837191901073523 0.204245701216409 0.24289356208863072 0.28413575265257807 0.32779252393342895 0.37368412695636122 0.42163081274655245 0.47145283232918017 0.52297043672942267 0.57600387697245736 0.6303734040834621 0.68589926908761478 0.74240172301009288 0.79970101687607431 0.85761740171073675 0.91597112853925822 1))
(channel red)
(curve
    (curve-type smooth)
    (points 4 0 0 1 1)
    (point-types 2 smooth smooth)
    (n-samples 256)
    (samples 256 0 0.0039215686274509803 0.0078431372549019607 0.011764705882352943 0.015686274509803921 0.019607843137254898 0.023529411764705879 0.027450980392156859 0.031372549019607843 0.035294117647058816 0.039215686274509803 0.043137254901960791 0.047058823529411764 0.050980392156862737 0.054901960784313725 0.058823529411764712 0.062745098039215685 0.066666666666666666 0.07058823529411766 0.07450980392156864 0.078431372549019621 0.082352941176470587 0.086274509803921567 0.090196078431372534 0.094117647058823528 0.098039215686274508 0.10196078431372547 0.10588235294117647 0.10980392156862745 0.11372549019607843 0.11764705882352938 0.1215686274509804 0.12549019607843137 0.12941176470588237 0.13333333333333336 0.13725490196078433 0.14117647058823532 0.14509803921568629 0.14901960784313723 0.15294117647058825 0.15686274509803921 0.16078431372549021 0.1647058823529412 0.16862745098039217 0.17254901960784311 0.17647058823529413 0.18039215686274507 0.18431372549019609 0.18823529411764706 0.19215686274509805 0.19607843137254902 0.20000000000000007 0.20392156862745101 0.20784313725490197 0.21176470588235291 0.21568627450980393 0.21960784313725493 0.22352941176470589 0.22745098039215686 0.23137254901960783 0.23529411764705882 0.23921568627450979 0.24313725490196075 0.24705882352941175 0.25098039215686274 0.25490196078431371 0.25882352941176473 0.26274509803921575 0.26666666666666672 0.27058823529411768 0.27450980392156865 0.27843137254901962 0.28235294117647064 0.2862745098039215 0.29019607843137252 0.29411764705882348 0.29803921568627445 0.30196078431372542 0.30588235294117649 0.30980392156862746 0.31372549019607843 0.31764705882352934 0.32156862745098053 0.32549019607843144 0.3294117647058824 0.33333333333333331 0.33725490196078434 0.3411764705882353 0.34509803921568633 0.34901960784313729 0.35294117647058826 0.35686274509803917 0.36078431372549019 0.3647058823529411 0.36862745098039224 0.37254901960784315 0.37647058823529411 0.38039215686274508 0.3843137254901961 0.38823529411764712 0.39215686274509809 0.39607843137254906 0.39999999999999997 0.40392156862745099 0.40784313725490196 0.41176470588235292 0.41568627450980383 0.41960784313725485 0.42352941176470582 0.42745098039215684 0.43137254901960786 0.43529411764705883 0.4392156862745098 0.44313725490196076 0.44705882352941184 0.45098039215686281 0.45490196078431377 0.45882352941176474 0.46274509803921571 0.46666666666666667 0.47058823529411764 0.47450980392156861 0.47843137254901957 0.48235294117647054 0.48627450980392145 0.49019607843137247 0.49411764705882355 0.49803921568627452 0.50196078431372548 0.50588235294117645 0.50980392156862742 0.51372549019607838 0.51764705882352946 0.52156862745098043 0.52549019607843139 0.52941176470588236 0.53333333333333333 0.53725490196078429 0.54117647058823526 0.54509803921568634 0.5490196078431373 0.55294117647058827 0.55686274509803924 0.5607843137254902 0.56470588235294117 0.56862745098039214 0.5725490196078431 0.57647058823529407 0.58039215686274515 0.58431372549019611 0.58823529411764708 0.59215686274509804 0.59607843137254901 0.59999999999999998 0.60392156862745094 0.60784313725490191 0.61176470588235299 0.61568627450980395 0.61960784313725492 0.62352941176470589 0.62745098039215685 0.63137254901960782 0.63529411764705879 0.63921568627450975 0.64313725490196083 0.6470588235294118 0.65098039215686287 0.65490196078431384 0.65882352941176481 0.66274509803921577 0.66666666666666663 0.6705882352941176 0.67450980392156867 0.67843137254901964 0.68235294117647061 0.68627450980392157 0.69019607843137254 0.69411764705882351 0.69803921568627447 0.70196078431372544 0.70588235294117663 0.70980392156862759 0.71372549019607845 0.71764705882352942 0.72156862745098038 0.72549019607843135 0.7294117647058822 0.73333333333333328 0.73725490196078436 0.74117647058823533 0.74509803921568629 0.74901960784313726 0.75294117647058822 0.75686274509803919 0.76078431372549016 0.76470588235294112 0.76862745098039231 0.77254901960784317 0.77647058823529425 0.78039215686274521 0.78431372549019607 0.78823529411764703 0.79215686274509811 0.79607843137254897 0.80000000000000004 0.80392156862745101 0.80784313725490198 0.81176470588235294 0.81568627450980391 0.81960784313725488 0.82352941176470584 0.82745098039215681 0.83137254901960789 0.83529411764705874 0.83921568627450982 0.84313725490196068 0.84705882352941175 0.85098039215686272 0.8549019607843138 0.85882352941176465 0.86274509803921573 0.8666666666666667 0.87058823529411766 0.87450980392156863 0.8784313725490196 0.88235294117647056 0.88627450980392164 0.8901960784313725 0.89411764705882357 0.89803921568627443 0.90196078431372551 0.90588235294117636 0.90980392156862755 0.91372549019607852 0.91764705882352937 0.92156862745098023 0.92549019607843142 0.92941176470588238 0.93333333333333335 0.93725490196078431 0.94117647058823528 0.94509803921568625 0.94901960784313721 0.95294117647058818 0.95686274509803926 0.96078431372549011 0.96470588235294119 0.96862745098039216 0.97254901960784312 0.97647058823529409 0.98039215686274506 0.98431372549019591 0.98823529411764721 0.99215686274509807 0.99607843137254914 1))
(channel green)
(curve
    (curve-type smooth)
    (points 4 0 0 1 1)
    (point-types 2 smooth smooth)
    (n-samples 256)
    (samples 256 0 0.0039215686274509803 0.0078431372549019607 0.011764705882352943 0.015686274509803921 0.019607843137254898 0.023529411764705879 0.027450980392156859 0.031372549019607843 0.035294117647058816 0.039215686274509803 0.043137254901960791 0.047058823529411764 0.050980392156862737 0.054901960784313725 0.058823529411764712 0.062745098039215685 0.066666666666666666 0.07058823529411766 0.07450980392156864 0.078431372549019621 0.082352941176470587 0.086274509803921567 0.090196078431372534 0.094117647058823528 0.098039215686274508 0.10196078431372547 0.10588235294117647 0.10980392156862745 0.11372549019607843 0.11764705882352938 0.1215686274509804 0.12549019607843137 0.12941176470588237 0.13333333333333336 0.13725490196078433 0.14117647058823532 0.14509803921568629 0.14901960784313723 0.15294117647058825 0.15686274509803921 0.16078431372549021 0.1647058823529412 0.16862745098039217 0.17254901960784311 0.17647058823529413 0.18039215686274507 0.18431372549019609 0.18823529411764706 0.19215686274509805 0.19607843137254902 0.20000000000000007 0.20392156862745101 0.20784313725490197 0.21176470588235291 0.21568627450980393 0.21960784313725493 0.22352941176470589 0.22745098039215686 0.23137254901960783 0.23529411764705882 0.23921568627450979 0.24313725490196075 0.24705882352941175 0.25098039215686274 0.25490196078431371 0.25882352941176473 0.26274509803921575 0.26666666666666672 0.27058823529411768 0.27450980392156865 0.27843137254901962 0.28235294117647064 0.2862745098039215 0.29019607843137252 0.29411764705882348 0.29803921568627445 0.30196078431372542 0.30588235294117649 0.30980392156862746 0.31372549019607843 0.31764705882352934 0.32156862745098053 0.32549019607843144 0.3294117647058824 0.33333333333333331 0.33725490196078434 0.3411764705882353 0.34509803921568633 0.34901960784313729 0.35294117647058826 0.35686274509803917 0.36078431372549019 0.3647058823529411 0.36862745098039224 0.37254901960784315 0.37647058823529411 0.38039215686274508 0.3843137254901961 0.38823529411764712 0.39215686274509809 0.39607843137254906 0.39999999999999997 0.40392156862745099 0.40784313725490196 0.41176470588235292 0.41568627450980383 0.41960784313725485 0.42352941176470582 0.42745098039215684 0.43137254901960786 0.43529411764705883 0.4392156862745098 0.44313725490196076 0.44705882352941184 0.45098039215686281 0.45490196078431377 0.45882352941176474 0.46274509803921571 0.46666666666666667 0.47058823529411764 0.47450980392156861 0.47843137254901957 0.48235294117647054 0.48627450980392145 0.49019607843137247 0.49411764705882355 0.49803921568627452 0.50196078431372548 0.50588235294117645 0.50980392156862742 0.51372549019607838 0.51764705882352946 0.52156862745098043 0.52549019607843139 0.52941176470588236 0.53333333333333333 0.53725490196078429 0.54117647058823526 0.54509803921568634 0.5490196078431373 0.55294117647058827 0.55686274509803924 0.5607843137254902 0.56470588235294117 0.56862745098039214 0.5725490196078431 0.57647058823529407 0.58039215686274515 0.58431372549019611 0.58823529411764708 0.59215686274509804 0.59607843137254901 0.59999999999999998 0.60392156862745094 0.60784313725490191 0.61176470588235299 0.61568627450980395 0.61960784313725492 0.62352941176470589 0.62745098039215685 0.63137254901960782 0.63529411764705879 0.63921568627450975 0.64313725490196083 0.6470588235294118 0.65098039215686287 0.65490196078431384 0.65882352941176481 0.66274509803921577 0.66666666666666663 0.6705882352941176 0.67450980392156867 0.67843137254901964 0.68235294117647061 0.68627450980392157 0.69019607843137254 0.69411764705882351 0.69803921568627447 0.70196078431372544 0.70588235294117663 0.70980392156862759 0.71372549019607845 0.71764705882352942 0.72156862745098038 0.72549019607843135 0.7294117647058822 0.73333333333333328 0.73725490196078436 0.74117647058823533 0.74509803921568629 0.74901960784313726 0.75294117647058822 0.75686274509803919 0.76078431372549016 0.76470588235294112 0.76862745098039231 0.77254901960784317 0.77647058823529425 0.78039215686274521 0.78431372549019607 0.78823529411764703 0.79215686274509811 0.79607843137254897 0.80000000000000004 0.80392156862745101 0.80784313725490198 0.81176470588235294 0.81568627450980391 0.81960784313725488 0.82352941176470584 0.82745098039215681 0.83137254901960789 0.83529411764705874 0.83921568627450982 0.84313725490196068 0.84705882352941175 0.85098039215686272 0.8549019607843138 0.85882352941176465 0.86274509803921573 0.8666666666666667 0.87058823529411766 0.87450980392156863 0.8784313725490196 0.88235294117647056 0.88627450980392164 0.8901960784313725 0.89411764705882357 0.89803921568627443 0.90196078431372551 0.90588235294117636 0.90980392156862755 0.91372549019607852 0.91764705882352937 0.92156862745098023 0.92549019607843142 0.92941176470588238 0.93333333333333335 0.93725490196078431 0.94117647058823528 0.94509803921568625 0.94901960784313721 0.95294117647058818 0.95686274509803926 0.96078431372549011 0.96470588235294119 0.96862745098039216 0.97254901960784312 0.97647058823529409 0.98039215686274506 0.98431372549019591 0.98823529411764721 0.99215686274509807 0.99607843137254914 1))
(channel blue)
(curve
    (curve-type smooth)
    (points 4 0 0 1 1)
    (point-types 2 smooth smooth)
    (n-samples 256)
    (samples 256 0 0.0039215686274509803 0.0078431372549019607 0.011764705882352943 0.015686274509803921 0.019607843137254898 0.023529411764705879 0.027450980392156859 0.031372549019607843 0.035294117647058816 0.039215686274509803 0.043137254901960791 0.047058823529411764 0.050980392156862737 0.054901960784313725 0.058823529411764712 0.062745098039215685 0.066666666666666666 0.07058823529411766 0.07450980392156864 0.078431372549019621 0.082352941176470587 0.086274509803921567 0.090196078431372534 0.094117647058823528 0.098039215686274508 0.10196078431372547 0.10588235294117647 0.10980392156862745 0.11372549019607843 0.11764705882352938 0.1215686274509804 0.12549019607843137 0.12941176470588237 0.13333333333333336 0.13725490196078433 0.14117647058823532 0.14509803921568629 0.14901960784313723 0.15294117647058825 0.15686274509803921 0.16078431372549021 0.1647058823529412 0.16862745098039217 0.17254901960784311 0.17647058823529413 0.18039215686274507 0.18431372549019609 0.18823529411764706 0.19215686274509805 0.19607843137254902 0.20000000000000007 0.20392156862745101 0.20784313725490197 0.21176470588235291 0.21568627450980393 0.21960784313725493 0.22352941176470589 0.22745098039215686 0.23137254901960783 0.23529411764705882 0.23921568627450979 0.24313725490196075 0.24705882352941175 0.25098039215686274 0.25490196078431371 0.25882352941176473 0.26274509803921575 0.26666666666666672 0.27058823529411768 0.27450980392156865 0.27843137254901962 0.28235294117647064 0.2862745098039215 0.29019607843137252 0.29411764705882348 0.29803921568627445 0.30196078431372542 0.30588235294117649 0.30980392156862746 0.31372549019607843 0.31764705882352934 0.32156862745098053 0.32549019607843144 0.3294117647058824 0.33333333333333331 0.33725490196078434 0.3411764705882353 0.34509803921568633 0.34901960784313729 0.35294117647058826 0.35686274509803917 0.36078431372549019 0.3647058823529411 0.36862745098039224 0.37254901960784315 0.37647058823529411 0.38039215686274508 0.3843137254901961 0.38823529411764712 0.39215686274509809 0.39607843137254906 0.39999999999999997 0.40392156862745099 0.40784313725490196 0.41176470588235292 0.41568627450980383 0.41960784313725485 0.42352941176470582 0.42745098039215684 0.43137254901960786 0.43529411764705883 0.4392156862745098 0.44313725490196076 0.44705882352941184 0.45098039215686281 0.45490196078431377 0.45882352941176474 0.46274509803921571 0.46666666666666667 0.47058823529411764 0.47450980392156861 0.47843137254901957 0.48235294117647054 0.48627450980392145 0.49019607843137247 0.49411764705882355 0.49803921568627452 0.50196078431372548 0.50588235294117645 0.50980392156862742 0.51372549019607838 0.51764705882352946 0.52156862745098043 0.52549019607843139 0.52941176470588236 0.53333333333333333 0.53725490196078429 0.54117647058823526 0.54509803921568634 0.5490196078431373 0.55294117647058827 0.55686274509803924 0.5607843137254902 0.56470588235294117 0.56862745098039214 0.5725490196078431 0.57647058823529407 0.58039215686274515 0.58431372549019611 0.58823529411764708 0.59215686274509804 0.59607843137254901 0.59999999999999998 0.60392156862745094 0.60784313725490191 0.61176470588235299 0.61568627450980395 0.61960784313725492 0.62352941176470589 0.62745098039215685 0.63137254901960782 0.63529411764705879 0.63921568627450975 0.64313725490196083 0.6470588235294118 0.65098039215686287 0.65490196078431384 0.65882352941176481 0.66274509803921577 0.66666666666666663 0.6705882352941176 0.67450980392156867 0.67843137254901964 0.68235294117647061 0.68627450980392157 0.69019607843137254 0.69411764705882351 0.69803921568627447 0.70196078431372544 0.70588235294117663 0.70980392156862759 0.71372549019607845 0.71764705882352942 0.72156862745098038 0.72549019607843135 0.7294117647058822 0.73333333333333328 0.73725490196078436 0.74117647058823533 0.74509803921568629 0.74901960784313726 0.75294117647058822 0.75686274509803919 0.76078431372549016 0.76470588235294112 0.76862745098039231 0.77254901960784317 0.77647058823529425 0.78039215686274521 0.78431372549019607 0.78823529411764703 0.79215686274509811 0.79607843137254897 0.80000000000000004 0.80392156862745101 0.80784313725490198 0.81176470588235294 0.81568627450980391 0.81960784313725488 0.82352941176470584 0.82745098039215681 0.83137254901960789 0.83529411764705874 0.83921568627450982 0.84313725490196068 0.84705882352941175 0.85098039215686272 0.8549019607843138 0.85882352941176465 0.86274509803921573 0.8666666666666667 0.87058823529411766 0.87450980392156863 0.8784313725490196 0.88235294117647056 0.88627450980392164 0.8901960784313725 0.89411764705882357 0.89803921568627443 0.90196078431372551 0.90588235294117636 0.90980392156862755 0.91372549019607852 0.91764705882352937 0.92156862745098023 0.92549019607843142 0.92941176470588238 0.93333333333333335 0.93725490196078431 0.94117647058823528 0.94509803921568625 0.94901960784313721 0.95294117647058818 0.95686274509803926 0.96078431372549011 0.96470588235294119 0.96862745098039216 0.97254901960784312 0.97647058823529409 0.98039215686274506 0.98431372549019591 0.98823529411764721 0.99215686274509807 0.99607843137254914 1))
(channel alpha)
(curve
    (curve-type smooth)
    (points 4 0 0 1 1)
    (point-types 2 smooth smooth)
    (n-samples 256)
    (samples 256 0 0.0039215686274509803 0.0078431372549019607 0.011764705882352943 0.015686274509803921 0.019607843137254898 0.023529411764705879 0.027450980392156859 0.031372549019607843 0.035294117647058816 0.039215686274509803 0.043137254901960791 0.047058823529411764 0.050980392156862737 0.054901960784313725 0.058823529411764712 0.062745098039215685 0.066666666666666666 0.07058823529411766 0.07450980392156864 0.078431372549019621 0.082352941176470587 0.086274509803921567 0.090196078431372534 0.094117647058823528 0.098039215686274508 0.10196078431372547 0.10588235294117647 0.10980392156862745 0.11372549019607843 0.11764705882352938 0.1215686274509804 0.12549019607843137 0.12941176470588237 0.13333333333333336 0.13725490196078433 0.14117647058823532 0.14509803921568629 0.14901960784313723 0.15294117647058825 0.15686274509803921 0.16078431372549021 0.1647058823529412 0.16862745098039217 0.17254901960784311 0.17647058823529413 0.18039215686274507 0.18431372549019609 0.18823529411764706 0.19215686274509805 0.19607843137254902 0.20000000000000007 0.20392156862745101 0.20784313725490197 0.21176470588235291 0.21568627450980393 0.21960784313725493 0.22352941176470589 0.22745098039215686 0.23137254901960783 0.23529411764705882 0.23921568627450979 0.24313725490196075 0.24705882352941175 0.25098039215686274 0.25490196078431371 0.25882352941176473 0.26274509803921575 0.26666666666666672 0.27058823529411768 0.27450980392156865 0.27843137254901962 0.28235294117647064 0.2862745098039215 0.29019607843137252 0.29411764705882348 0.29803921568627445 0.30196078431372542 0.30588235294117649 0.30980392156862746 0.31372549019607843 0.31764705882352934 0.32156862745098053 0.32549019607843144 0.3294117647058824 0.33333333333333331 0.33725490196078434 0.3411764705882353 0.34509803921568633 0.34901960784313729 0.35294117647058826 0.35686274509803917 0.36078431372549019 0.3647058823529411 0.36862745098039224 0.37254901960784315 0.37647058823529411 0.38039215686274508 0.3843137254901961 0.38823529411764712 0.39215686274509809 0.39607843137254906 0.39999999999999997 0.40392156862745099 0.40784313725490196 0.41176470588235292 0.41568627450980383 0.41960784313725485 0.42352941176470582 0.42745098039215684 0.43137254901960786 0.43529411764705883 0.4392156862745098 0.44313725490196076 0.44705882352941184 0.45098039215686281 0.45490196078431377 0.45882352941176474 0.46274509803921571 0.46666666666666667 0.47058823529411764 0.47450980392156861 0.47843137254901957 0.48235294117647054 0.48627450980392145 0.49019607843137247 0.49411764705882355 0.49803921568627452 0.50196078431372548 0.50588235294117645 0.50980392156862742 0.51372549019607838 0.51764705882352946 0.52156862745098043 0.52549019607843139 0.52941176470588236 0.53333333333333333 0.53725490196078429 0.54117647058823526 0.54509803921568634 0.5490196078431373 0.55294117647058827 0.55686274509803924 0.5607843137254902 0.56470588235294117 0.56862745098039214 0.5725490196078431 0.57647058823529407 0.58039215686274515 0.58431372549019611 0.58823529411764708 0.59215686274509804 0.59607843137254901 0.59999999999999998 0.60392156862745094 0.60784313725490191 0.61176470588235299 0.61568627450980395 0.61960784313725492 0.62352941176470589 0.62745098039215685 0.63137254901960782 0.63529411764705879 0.63921568627450975 0.64313725490196083 0.6470588235294118 0.65098039215686287 0.65490196078431384 0.65882352941176481 0.66274509803921577 0.66666666666666663 0.6705882352941176 0.67450980392156867 0.67843137254901964 0.68235294117647061 0.68627450980392157 0.69019607843137254 0.69411764705882351 0.69803921568627447 0.70196078431372544 0.70588235294117663 0.70980392156862759 0.71372549019607845 0.71764705882352942 0.72156862745098038 0.72549019607843135 0.7294117647058822 0.73333333333333328 0.73725490196078436 0.74117647058823533 0.74509803921568629 0.74901960784313726 0.75294117647058822 0.75686274509803919 0.76078431372549016 0.76470588235294112 0.76862745098039231 0.77254901960784317 0.77647058823529425 0.78039215686274521 0.78431372549019607 0.78823529411764703 0.79215686274509811 0.79607843137254897 0.80000000000000004 0.80392156862745101 0.80784313725490198 0.81176470588235294 0.81568627450980391 0.81960784313725488 0.82352941176470584 0.82745098039215681 0.83137254901960789 0.83529411764705874 0.83921568627450982 0.84313725490196068 0.84705882352941175 0.85098039215686272 0.8549019607843138 0.85882352941176465 0.86274509803921573 0.8666666666666667 0.87058823529411766 0.87450980392156863 0.8784313725490196 0.88235294117647056 0.88627450980392164 0.8901960784313725 0.89411764705882357 0.89803921568627443 0.90196078431372551 0.90588235294117636 0.90980392156862755 0.91372549019607852 0.91764705882352937 0.92156862745098023 0.92549019607843142 0.92941176470588238 0.93333333333333335 0.93725490196078431 0.94117647058823528 0.94509803921568625 0.94901960784313721 0.95294117647058818 0.95686274509803926 0.96078431372549011 0.96470588235294119 0.96862745098039216 0.97254901960784312 0.97647058823529409 0.98039215686274506 0.98431372549019591 0.98823529411764721 0.99215686274509807 0.99607843137254914 1))

# end of 'Curves' settings
