FIR-FILT: FIR FILTER DESIGN CODE OUTPUT
  0.10000000E+01        48
  0.47312629E+00  0.31697387E+00  0.26678406E-01 -0.10212776E+00 -0.26100356E-01
  0.57145566E-01  0.25159817E-01 -0.36581896E-01 -0.23883324E-01  0.24321463E-01
  0.22318326E-01 -0.16004425E-01 -0.20517055E-01  0.99688675E-02  0.18537275E-01
 -0.54459628E-02 -0.16433518E-01  0.20369552E-02  0.14277564E-01  0.50962088E-03
 -0.12123583E-01 -0.23524212E-02  0.10030696E-01  0.36127516E-02 -0.80487542E-02
 -0.43881042E-02  0.62203603E-02  0.47640391E-02 -0.45795627E-02 -0.48192143E-02
  0.31499979E-02  0.46267062E-02 -0.19449759E-02 -0.42532040E-02  0.96769247E-03
  0.37597087E-02 -0.21371132E-03 -0.32004546E-02 -0.32992219E-03  0.26274207E-02
  0.67918003E-03 -0.20938036E-02 -0.85202418E-03  0.16962707E-02  0.87003352E-03
 -0.19099547E-02 -0.33559431E-02 -0.33131917E-03
