FIR-FILT: FIR FILTER DESIGN CODE OUTPUT
  0.10000000E+01        71
  0.31535816E+00  0.26616585E+00  0.14575759E+00  0.17844718E-01 -0.57989098E-01
 -0.61381415E-01 -0.17455403E-01  0.27205415E-01  0.38973324E-01  0.16825307E-01
 -0.14348116E-01 -0.27822647E-01 -0.15969098E-01  0.71774079E-02  0.20735700E-01
  0.14920589E-01 -0.26327996E-02 -0.15616039E-01 -0.13714714E-01 -0.41046151E-03
  0.11650560E-01  0.12385793E-01  0.24693119E-02 -0.84637869E-02 -0.10977356E-01
 -0.38227537E-02  0.58662295E-02  0.95316246E-02  0.46434188E-02 -0.37460821E-02
 -0.80886949E-02 -0.50521158E-02  0.20347144E-02  0.66878777E-02  0.51394254E-02
 -0.68287796E-03 -0.53611984E-02 -0.49797446E-02 -0.35139307E-03  0.41367821E-02
  0.46373457E-02  0.11029486E-02 -0.30388678E-02 -0.41676573E-02 -0.16067328E-02
  0.20830208E-02  0.36205212E-02  0.18995546E-02 -0.12775299E-02 -0.30384576E-02
 -0.20179669E-02  0.62483293E-03  0.24575219E-02  0.19959896E-02 -0.12281968E-03
 -0.19090844E-02 -0.18706999E-02 -0.23879687E-03  0.14155055E-02  0.16748102E-02
  0.47103246E-03 -0.10020733E-02 -0.14473109E-02 -0.58572053E-03  0.71034848E-03
  0.12577202E-02  0.60853921E-03 -0.79453795E-03 -0.15070150E-02 -0.27735722E-02
 -0.57726190E-03
