FIR-FILT: FIR FILTER DESIGN CODE OUTPUT
  0.10000000E+01        91
  0.23653504E+00  0.21532360E+00  0.15848082E+00  0.83793312E-01  0.13365105E-01
 -0.34419119E-01 -0.51046878E-01 -0.39812922E-01 -0.13070323E-01  0.13739644E-01
  0.28548554E-01  0.26923735E-01  0.12592813E-01 -0.55519193E-02 -0.18260375E-01
 -0.20213991E-01 -0.11949001E-01  0.11730746E-02  0.12122922E-01  0.15773855E-01
  0.11154728E-01  0.14588218E-02 -0.79624243E-02 -0.12446117E-01 -0.10243686E-01
 -0.30995123E-02  0.49446635E-02  0.97706541E-02  0.92410743E-02  0.40912377E-02
 -0.26885252E-02 -0.75423168E-02 -0.81806388E-02 -0.46254322E-02  0.98837493E-03
  0.56574643E-02  0.70931828E-02  0.48204092E-02  0.27697056E-03 -0.40607406E-02
 -0.60094716E-02 -0.47603725E-02 -0.11885283E-02  0.27206815E-02  0.49573286E-02
  0.45121713E-02  0.18078703E-02 -0.16159373E-02 -0.39624022E-02 -0.41275406E-02
 -0.21834560E-02  0.72517502E-03  0.30510179E-02  0.36549442E-02  0.23592040E-02
 -0.36519799E-04 -0.22335923E-02 -0.31325626E-02 -0.23753699E-02 -0.47197170E-03
  0.15254335E-02  0.25965930E-02  0.22699400E-02  0.81899471E-03 -0.93285192E-03
 -0.20744186E-02 -0.20755990E-02 -0.10270840E-02  0.45596727E-03  0.15875453E-02
  0.18238572E-02  0.11186297E-02 -0.93354625E-04 -0.11566642E-02 -0.15448434E-02
 -0.11173668E-02 -0.15881853E-03  0.79965324E-03  0.12694919E-02  0.10489000E-02
  0.30336727E-03 -0.54487761E-03 -0.10457698E-02 -0.94576413E-03 -0.29340666E-03
  0.60871453E-03  0.13765346E-02  0.17459453E-02  0.17342302E-02  0.17703171E-02
 -0.78610331E-03
