FIR-FILT: FIR FILTER DESIGN CODE OUTPUT
  0.10000000E+01       111
  0.18922436E+00  0.17825589E+00  0.14762825E+00  0.10361496E+00  0.54943368E-01
  0.10695269E-01 -0.21801252E-01 -0.38539425E-01 -0.39482988E-01 -0.28172743E-01
 -0.10461548E-01  0.72293030E-02  0.19629899E-01  0.23857031E-01  0.19867271E-01
  0.10076012E-01 -0.16730814E-02 -0.11430031E-01 -0.16343743E-01 -0.15406003E-01
 -0.95601920E-02 -0.12011472E-02  0.67212107E-02  0.11686970E-01  0.12363423E-01
  0.89212917E-02  0.28455369E-02 -0.36542960E-02 -0.84163100E-02 -0.10022298E-01
 -0.81948247E-02 -0.38015433E-02  0.15175294E-02  0.59415763E-02  0.80774855E-02
  0.73840916E-02  0.42904904E-02 -0.14044337E-04 -0.40227529E-02 -0.64289104E-02
 -0.65423511E-02 -0.44770911E-02 -0.10602982E-02  0.24869707E-02  0.49791960E-02
  0.56554032E-02  0.44051381E-02  0.17638088E-02 -0.13042900E-02 -0.37535410E-02
 -0.48074462E-02 -0.42014252E-02 -0.22375220E-02  0.34752686E-03  0.26567061E-02
  0.39369017E-02  0.38236496E-02  0.24387422E-02  0.31702407E-03 -0.17899896E-02
 -0.31829374E-02 -0.34412947E-02 -0.25477768E-02 -0.86848100E-03  0.98881521E-03
  0.23946902E-02  0.29073050E-02  0.24096994E-02  0.11268370E-02 -0.46738447E-03
 -0.18248872E-02 -0.25087805E-02 -0.23346422E-02 -0.14139037E-02 -0.10080911E-03
  0.11430616E-02  0.19060248E-02  0.19636080E-02  0.13379015E-02  0.27951988E-03
 -0.83641545E-03 -0.16343265E-02 -0.18772145E-02 -0.15157261E-02 -0.71785948E-03
  0.22151141E-03  0.98129292E-03  0.13131760E-02  0.11324680E-02  0.53038984E-03
 -0.26810885E-03 -0.99059893E-03 -0.14061579E-02 -0.14018975E-02 -0.10119241E-02
 -0.39880717E-03  0.21137166E-03  0.60708891E-03  0.66196767E-03  0.36935217E-03
 -0.16124418E-03 -0.74757589E-03 -0.11960072E-02 -0.13651208E-02 -0.12058818E-02
 -0.77180623E-03 -0.19336015E-03  0.36705163E-03  0.76842657E-03  0.92948624E-03
  0.22739838E-02
