FIR-FILT: FIR FILTER DESIGN CODE OUTPUT
  0.10000000E+01        91
  0.16570362E+00  0.15829441E+00  0.13725868E+00  0.10594265E+00  0.69211230E-01
  0.32528229E-01  0.95806678E-03 -0.21721859E-01 -0.33611827E-01 -0.34888856E-01
 -0.27580921E-01 -0.14997372E-01 -0.94359554E-03  0.11083508E-01  0.18581118E-01
  0.20429686E-01  0.16964789E-01  0.97183716E-02  0.92194974E-03 -0.70848679E-02
 -0.12422763E-01 -0.14064534E-01 -0.11991728E-01 -0.71014166E-02 -0.89137035E-03
  0.49562268E-02  0.90078600E-02  0.10408280E-01  0.90432446E-02  0.54955026E-02
  0.85260952E-03 -0.36210883E-02 -0.68052970E-02 -0.79971515E-02 -0.70541361E-02
 -0.43872511E-02 -0.80762105E-03  0.27008946E-02  0.52497657E-02  0.62641921E-02
  0.56016045E-02  0.35561360E-02  0.75419003E-03 -0.20313612E-02 -0.40918030E-02
 -0.49545085E-02 -0.44863801E-02 -0.29051360E-02 -0.69879252E-03  0.15243914E-02
  0.31950874E-02  0.39263805E-02  0.35993042E-02  0.23769522E-02  0.63838286E-03
 -0.11335427E-02 -0.24846792E-02 -0.30999891E-02 -0.28772806E-02 -0.19367724E-02
 -0.57383557E-03  0.83092984E-03  0.19156958E-02  0.24286588E-02  0.22825976E-02
  0.15665065E-02  0.50730573E-03 -0.59655984E-03 -0.14599159E-02 -0.18816034E-02
 -0.17901543E-02 -0.12505304E-02 -0.43752801E-03  0.41982584E-03  0.10982298E-02
  0.14395756E-02  0.13833372E-02  0.97796321E-03  0.35366282E-03 -0.30664937E-03
 -0.83971326E-03 -0.10991644E-02 -0.10712864E-02 -0.71174919E-03 -0.25581248E-03
  0.43810415E-03  0.71178772E-03  0.14833882E-02  0.72977401E-03  0.22810167E-02
  0.11542854E-02
