FIR-FILT: FIR FILTER DESIGN CODE OUTPUT
  0.10000000E+01       113
  0.14208198E+00  0.13739452E+00  0.12389062E+00  0.10316056E+00  0.77608004E-01
  0.50108083E-01  0.23616169E-01  0.77113276E-03 -0.16440101E-01 -0.26909120E-01
 -0.30497886E-01 -0.27981848E-01 -0.20865075E-01 -0.11100596E-01 -0.76022197E-03
  0.82820896E-02  0.14618799E-01  0.17472565E-01  0.16758278E-01  0.13016257E-01
  0.72571430E-02  0.74292615E-03 -0.52608857E-02 -0.97016394E-02 -0.11911346E-01
 -0.11686133E-01 -0.92841610E-02 -0.53405212E-02 -0.71840314E-03  0.36636740E-02
  0.70070671E-02  0.87675247E-02  0.87357759E-02  0.70546297E-02  0.41608354E-02
  0.68841781E-03 -0.26673293E-02 -0.52824821E-02 -0.67139948E-02 -0.67736702E-02
 -0.55438336E-02 -0.33427100E-02 -0.65325515E-03  0.19840142E-02  0.40728515E-02
  0.52518910E-02  0.53568939E-02  0.44368859E-02  0.27307249E-02  0.61371550E-03
 -0.14870598E-02 -0.31737122E-02 -0.41507659E-02 -0.42769266E-02 -0.35821130E-02
 -0.22478071E-02 -0.56846417E-03  0.11144583E-02  0.24819272E-02  0.32929941E-02
  0.34265392E-02  0.29004803E-02  0.18556728E-02  0.52273611E-03 -0.82722993E-03
 -0.19346501E-02 -0.26047612E-02 -0.27381419E-02 -0.23428579E-02 -0.15266940E-02
 -0.47217472E-03  0.60416642E-03  0.14966615E-02  0.20483169E-02  0.21752114E-02
  0.18809054E-02  0.12483622E-02  0.42107934E-03 -0.43112988E-03 -0.11449105E-02
 -0.15943006E-02 -0.17113318E-02 -0.14960549E-02 -0.10118610E-02 -0.36934030E-03
  0.29832160E-03  0.86243439E-03  0.12237863E-02  0.13277864E-02  0.11733547E-02
  0.80783467E-03  0.31598710E-03 -0.19982469E-03 -0.63952431E-03 -0.92532497E-03
 -0.10140305E-02 -0.90339431E-03 -0.62933657E-03 -0.25537529E-03  0.13938319E-03
  0.47917303E-03  0.70110161E-03  0.77338412E-03  0.68326876E-03  0.47101121E-03
  0.14812217E-03 -0.15542324E-03 -0.53318450E-03 -0.62111754E-03 -0.10503677E-02
 -0.43352076E-03 -0.16600490E-02 -0.79061883E-03
