FIR-FILT: FIR FILTER DESIGN CODE OUTPUT
  0.10000000E+01        93
  0.56214917E+00 -0.31217301E+00 -0.60513064E-01  0.88189319E-01  0.55767275E-01
 -0.35405211E-01 -0.48380189E-01  0.90837050E-02  0.39067715E-01  0.64116297E-02
 -0.28706614E-01 -0.15255287E-01  0.18229850E-01  0.19218054E-01 -0.85189492E-02
 -0.19451369E-01  0.30793610E-03  0.16960960E-01  0.58912467E-02 -0.12717836E-01
 -0.98282490E-02  0.76483563E-02  0.11521397E-01 -0.25785402E-02 -0.11229157E-01
 -0.18256321E-02  0.93933027E-02  0.51039057E-02 -0.65649655E-02 -0.70230011E-02
  0.33233645E-02  0.75696344E-02 -0.19962140E-03 -0.69178892E-02 -0.23839129E-02
  0.53769490E-02  0.41533941E-02 -0.33276379E-02 -0.49979053E-02  0.11566188E-02
  0.49556950E-02  0.79456589E-03 -0.41911127E-02 -0.22778935E-02  0.29442967E-02
  0.31555458E-02 -0.14866870E-02 -0.34038969E-02  0.74521842E-04  0.30983896E-02
  0.10869948E-02 -0.23853658E-02 -0.18670650E-02  0.14484411E-02  0.22164788E-02
 -0.47281507E-03 -0.21624076E-02 -0.38332131E-03  0.17896506E-02  0.10101700E-02
 -0.12184491E-02 -0.13537765E-02  0.57704817E-03  0.14172501E-02  0.17993389E-04
 -0.12461166E-02 -0.48250181E-03  0.91806659E-03  0.76712819E-03 -0.51745551E-03
 -0.86686749E-03  0.12841285E-03  0.80224371E-03  0.19131749E-03 -0.62622176E-03
 -0.39832713E-03  0.38760348E-03  0.49214030E-03 -0.15148314E-03 -0.47328265E-03
 -0.54679556E-04  0.38911006E-03  0.18455100E-03 -0.25154499E-03 -0.26127353E-03
  0.13059625E-03  0.25632657E-03 -0.47199246E-05 -0.25811169E-03 -0.58841732E-04
  0.26843516E-03  0.41690731E-03  0.22368113E-03
