FIR-FILT: FIR FILTER DESIGN CODE OUTPUT
  0.10000000E+01        93
  0.47783607E+00  0.31744778E+00  0.22067528E-01 -0.10352975E+00 -0.21780040E-01
  0.59414923E-01  0.21306694E-01 -0.39615400E-01 -0.20657167E-01  0.27986035E-01
  0.19844450E-01 -0.20137910E-01 -0.18883806E-01  0.14393894E-01  0.17793600E-01
 -0.99784695E-02 -0.16594920E-01  0.64842636E-02  0.15309166E-01 -0.36778902E-02
 -0.13959063E-01  0.14153719E-02  0.12569096E-01  0.40036516E-03 -0.11161802E-01
 -0.18370550E-02  0.97599756E-02  0.29462981E-02 -0.83856508E-02 -0.37709642E-02
  0.70575029E-02  0.43459553E-02 -0.57941508E-02 -0.47043851E-02  0.46098810E-02
  0.48751300E-02 -0.35179411E-02 -0.48866924E-02  0.25275238E-02  0.47651166E-02
 -0.16458207E-02 -0.45358287E-02  0.87649364E-03  0.42222794E-02 -0.22093949E-03
 -0.38468414E-02 -0.32252027E-03  0.34297314E-02  0.75767597E-03 -0.29893741E-02
 -0.10903238E-02  0.25422778E-02  0.13283789E-02 -0.21023899E-02 -0.14807770E-02
  0.16815315E-02  0.15575043E-02 -0.12894282E-02 -0.15694778E-02  0.93314878E-03
  0.15275800E-02 -0.61776291E-03 -0.14426876E-02  0.34649746E-03  0.13255633E-02
 -0.12030022E-03 -0.11861429E-02 -0.61366416E-04  0.10333841E-02  0.20039990E-03
 -0.87553833E-03 -0.29997411E-03  0.71947975E-03  0.36413217E-03 -0.57085103E-03
 -0.39749843E-03  0.43416739E-03  0.40500006E-03 -0.31277252E-03 -0.39205368E-03
  0.20917680E-03  0.36411919E-03 -0.12418278E-03 -0.32608799E-03  0.61238185E-04
  0.29052811E-03 -0.67565697E-05 -0.23260718E-03  0.58447404E-04  0.44104509E-03
  0.39455411E-03  0.76679542E-04 -0.11806328E-03
