FIR-FILT: FIR FILTER DESIGN CODE OUTPUT
  0.20000000E+01        67
  0.77030063E-01  0.62350780E-01  0.24199937E-01 -0.22234917E-01 -0.58787964E-01
 -0.71763843E-01 -0.57316326E-01 -0.22599969E-01  0.17732721E-01  0.47944397E-01
  0.57472646E-01  0.44903494E-01  0.17567623E-01 -0.12270432E-01 -0.32958321E-01
 -0.38094074E-01 -0.28416887E-01 -0.10441063E-01  0.71696742E-02  0.17613515E-01
  0.18513773E-01  0.12106413E-01  0.32985811E-02 -0.31705699E-02 -0.49649179E-02
 -0.28222557E-02  0.45624806E-03  0.19591479E-02  0.37760369E-03 -0.33576218E-02
 -0.67868168E-02 -0.74523762E-02 -0.43636914E-02  0.13929515E-02  0.72046528E-02
  0.10285452E-01  0.91050602E-02  0.41559879E-02 -0.23302175E-02 -0.74995449E-02
 -0.92391428E-02 -0.71144020E-02 -0.24327976E-02  0.25179964E-02  0.56171007E-02
  0.58614733E-02  0.36751926E-02  0.50162943E-03 -0.20260694E-02 -0.29140715E-02
 -0.21545058E-02 -0.58557594E-03  0.71762083E-03  0.10586935E-02  0.42591215E-03
 -0.58771344E-03 -0.12119922E-02 -0.97946892E-03  0.15023938E-04  0.12002073E-02
  0.18794476E-02  0.16384355E-02  0.56314899E-03 -0.87757944E-03 -0.27118991E-02
 -0.11325927E-01  0.11939658E-02
