FIR-FILT: FIR FILTER DESIGN CODE OUTPUT
  0.10000000E+01        61
  0.42854887E+00  0.31019902E+00  0.68963259E-01 -0.82642406E-01 -0.61833009E-01
  0.27324136E-01  0.50984934E-01  0.26677702E-04 -0.37799917E-01 -0.14880432E-01
  0.23885023E-01  0.21569461E-01 -0.10826346E-01 -0.22304446E-01 -0.39815553E-04
  0.18878222E-01  0.78227520E-02 -0.12987567E-01 -0.12150519E-01  0.62249796E-02
  0.13190925E-01  0.60429942E-04 -0.11552429E-01 -0.48912410E-02  0.81361569E-02
  0.77359248E-02 -0.39472450E-02 -0.85121170E-02 -0.83456674E-04  0.75144786E-02
  0.32393909E-02 -0.53048050E-02 -0.51111514E-02  0.25525307E-02  0.56129042E-02
  0.10453119E-03 -0.49284538E-02 -0.21723863E-02  0.34452681E-02  0.33737523E-02
 -0.16167650E-02 -0.36537834E-02 -0.11504929E-03  0.31697191E-02  0.14447279E-02
 -0.21546348E-02 -0.21492727E-02  0.10048726E-02  0.23340802E-02  0.16563720E-03
 -0.18665737E-02 -0.79268054E-03  0.14679031E-02  0.15490833E-02 -0.26088313E-03
 -0.88416587E-03  0.73667255E-03  0.23072972E-02  0.17481335E-02 -0.25018129E-04
 -0.17280576E-02

