 32 22 16 32 1968 ROMAN-COMPLEX-PRINCIPAL FONT
   1 21 43   1 21 43   1 21 43   1 21 43   1 21 43   1 21 43   1 21 43   1 21 43
   1 21 43   1 21 43   1 21 43   1 21 43   1 21 43   1 21 43   1 21 43   1 21 43
   1 21 43   1 21 43   1 21 43   1 21 43   1 21 43   1 21 43   1 21 43   1 21 43
   1 21 43   1 21 43   1 21 43   1 21 43   1 21 43   1 21 43   1 21 43   1 21 43
1548 27 371589 24 401956 22 431918 22 421791 20 441820 20 451777 27 371605 25 39
1623 25 391597 24 401735 19 451519 27 371733 19 451514 27 371603 21 431169 22 42
1206 22 421214 22 421255 22 421298 22 421307 22 421341 22 421386 22 421412 22 42
1469 22 421526 27 371536 27 371743 20 441739 19 451746 20 441560 23 411866 19 46
   4 22 42  16 21 43  55 21 42  85 21 43 111 21 42 127 21 41 141 21 44 176 20 44
 194 27 38 202 25 40 219 20 42 237 23 41 247 20 45 267 21 44 281 21 43 322 21 43
 346 21 43 405 21 43 443 22 42 475 23 42 487 20 44 506 22 42 516 20 44 532 22 42
 546 22 43 560 22 421641 25 39   2 25 391649 25 391771 21 43   1 21 431784 27 37
 572 23 43 607 21 42 635 22 41 661 22 43 691 22 41 719 25 38 737 23 42 791 21 43
 812 27 38 825 27 38 846 21 42 864 27 38 872 16 49 906 21 43 927 22 42 960 21 42
 990 22 421018 23 401036 24 411066 25 401079 21 431100 23 411110 20 441126 22 42
1140 22 411157 23 411657 25 391731 28 361694 25 391749 20 44   1 21 43   1 21 43
   1   10272  1644 14804  2092  5719  2092  6615  2089  6551  1757  6429  1495
  13    5975  2263 14935  1708  5783  1772  5847  1516  6380  6571  6634  6696
  25    6694  6628  6563  6370  2284  6507  6570  6632  6630  6564  6499  6370
  37    1762  6370  6561  6624  6686  6683  6617  6552  6359  5591  2274  6497
  49    6560  6622  6619  6553  6488 14551  2473  6630  6636  6569  6443  6252
  61    6124  5931  5801  5735  5668  5663  5724  5786  5912  6103  6231  6424
  73    6554  6620  2028  5995  5865  5799  5732  5727  5788  5850  5976 14295
  85    1708  5783  1772  5847  1516  6252  6443  6569  6631  6692  6687  6620
  97    6554  6424  6231  5591  2156  6379  6505  6567  6628  6623  6556  6490
 109    6360 14423  1708  5783  1772  5847  2150  6238  1516  6636  6630  6572
 121    1762  6242  1495  6615  6621 14743  1708  5783  1772  5847  2150  6238
 133    1516  6636  6630  6572  1762  6242  1495 14231  2473  6630  6636  6569
 145    6443  6252  6124  5931  5801  5735  5668  5663  5724  5786  5912  6103
 157    6231  6424  6554  2028  5995  5865  5799  5732  5727  5788  5850  5976
 169    6103  2463  6551  2527  6615  2271 15007  1644  5719  1708  5783  2476
 181    6551  2540  6615  1452  5996  2284  6828  1698  6562  1431  5975  2263
 193   14999  2092  6167  2156  6231  1900  6444  1879 14615  2284  6363  6296
 205    6167  6039  5912  5850  5852  5917  5980  5915  2220  6299  6232  6167
 217    2028 14764  1644  5719  1708  5783  2540  5791  2019  6615  1955  6551
 229    1452  5996  2284  6764  1431  5975  2263 14935  1836  5911  1900  5975
 241    1644  6188  1623  6679  6685 14807  1644  5719  1708  6170  1644  6167
 253    2540  6167  2540  6615  2604  6679  1452  5804  2540  6892  1431  5911
 265    2327 15063  1708  5783  1772  6617  1770  6615  2540  6615  1516  5868
 277    2348  6828  1495 14167  2028  5931  5801  5735  5667  5664  5724  5786
 289    5912  6103  6231  6424  6554  6620  6688  6691  6631  6569  6443  6252
 301    6124  2028  5995  5865  5799  5731  5728  5788  5850  5976  6103  2135
 313    6360  6490  6556  6624  6627  6567  6505  6379 14444  1708  5783  1772
 325    5847  1516  6380  6571  6634  6696  6693  6627  6562  6369  5857  2284
 337    6507  6570  6632  6629  6563  6498  6369  1495 14231  2028  5931  5801
 349    5735  5667  5664  5724  5786  5912  6103  6231  6424  6554  6620  6688
 361    6691  6631  6569  6443  6252  6124  2028  5995  5865  5799  5731  5728
 373    5788  5850  5976  6103  2135  6360  6490  6556  6624  6627  6567  6505
 385    6379  6252  1817  5914  5980  6109  6173  6300  6362  6419  6482  6610
 397    6676  6677  2266  6422  6484  6547  6611 14868  1708  5783  1772  5847
 409    1516  6380  6571  6634  6696  6694  6628  6563  6370  5858  2284  6507
 421    6570  6632  6630  6564  6499  6370  1495  6039  2082  6305  6368  6553
 433    6616  6680  6745  2209  6367  6488  6551  6679  6745 14938  2473  6636
 445    6630  6569  6443  6252  6060  5867  5737  5735  5797  5860  5987  6369
 457    6496  6622  1639  5861  5988  6370  6497  6560  6622  6618  6488  6295
 469    6103  5912  5786  5725  5719 13978  2092  6167  2156  6231  1708  5734
 481    5740  6700  6694  6636  1879 14615  1644  5725  5786  5912  6103  6231
 493    6424  6554  6621  6636  1708  5789  5850  5976  6103  1452  5996  2348
 505   15020  1644  6167  1708  6170  2540  6167  1516  5996  2284 14956  1580
 517    5911  1644  5916  2092  5911  2092  6423  2156  6428  2604  6423  1388
 529    5932  2412 15084  1644  6551  1708  6615  2540  5719  1516  5996  2284
 541    6764  1495  5975  2263 14935  1644  6177  6167  1708  6241  6231  2604
 553    6241  1516  5996  2348  6828  1879 14615  2476  5719  2540  5783  1708
 565    5734  5740  6636  1623  6615  6621 14743  1827  5922  5858  5859  5924
 577    6053  6309  6436  6499  6561  6554  6616  6679  2403  6490  6552  6679
 589    6743  2401  6432  6047  5854  5788  5786  5848  6039  6231  6360  6490
 601    1951  5918  5852  5850  5912 14231  1708  5783  1772  5847  1762  5988
 613    6117  6245  6436  6562  6623  6621  6554  6424  6231  6103  5976  5850
 625    2149  6372  6498  6559  6557  6490  6360  6231  1516 14060  2402  6433
 637    6496  6561  6562  6436  6309  6117  5924  5794  5727  5725  5786  5912
 649    6103  6231  6424  6554  2021  5988  5858  5791  5789  5850  5976 14295
 661    2412  6487  2476  6551  2402  6372  6245  6117  5924  5794  5727  5725
 673    5786  5912  6103  6231  6360  6490  2021  5988  5858  5791  5789  5850
 685    5976  6103  2220  6572  2391 14935  1695  6559  6561  6499  6436  6309
 697    6117  5924  5794  5727  5725  5786  5912  6103  6231  6424  6554  2399
 709    6498  6436  2021  5988  5858  5791  5789  5850  5976 14295  2283  6314
 721    6377  6442  6443  6380  6252  6123  6057  6039  2156  6187  6121  6103
 733    1765  6373  1751 14487  2021  5988  5923  5857  5855  5917  5980  6107
 745    6235  6364  6429  6495  6497  6435  6372  6245  6117  1892  5922  5918
 757    5980  2268  6430  6434  6372  2339  6500  6629  6628  6500  1821  5852
 769    5786  5785  5847  6038  6358  6549  6612  1689  5848  6039  6359  6550
 781    6612  6611  6545  6352  5968  5777  5715  5716  5782 14167  1708  5783
 793    1772  5847  1762  5988  6181  6309  6500  6562  6551  2213  6436  6498
 805    6487  1516  5868  1495  6039  2199 14935  2092  6123  6186  6251  6188
 817    2085  6167  2149  6231  1893  6245  1879 14615  2156  6187  6250  6315
 829    6252  2213  6291  6225  6096  5968  5905  5906  5971  6034  5969  2149
 841    6227  6161  6096  1957 14501  1708  5783  1772  5847  2405  5851  2079
 853    6551  2015  6487  1516  5868  2213  6693  1495  6039  2199 14871  2092
 865    6167  2156  6231  1900  6252  1879 14615  1381  5463  1445  5527  1442
 877    5668  5861  5989  6180  6242  6231  1893  6116  6178  6167  2146  6372
 889    6565  6693  6884  6946  6935  2597  6820  6882  6871  1189  5541  1175
 901    5719  1879  6423  2583 15319  1701  5783  1765  5847  1762  5988  6181
 913    6309  6500  6562  6551  2213  6436  6498  6487  1509  5861  1495  6039
 925    2199 14935  2021  5924  5794  5727  5725  5786  5912  6103  6231  6424
 937    6554  6621  6623  6562  6436  6245  6117  2021  5988  5858  5791  5789
 949    5850  5976  6103  2135  6360  6490  6557  6559  6498  6372 14437  1701
 961    5776  1765  5840  1762  5988  6117  6245  6436  6562  6623  6621  6554
 973    6424  6231  6103  5976  5850  2149  6372  6498  6559  6557  6490  6360
 985    6231  1509  5861  1488 14224  2405  6480  2469  6544  2402  6372  6245
 997    6117  5924  5794  5727  5725  5786  5912  6103  6231  6360  6490  2021
1009    5988  5858  5791  5789  5850  5976  6103  2192 14928  1829  5911  1893
1021    5975  1887  6050  6180  6309  6501  6564  6563  6498  6435  6500  1637
1033    5989  1623 14359  2403  6565  6561  6499  6436  6309  6053  5924  5859
1045    5857  5920  6047  6365  6492  6555  1762  5921  6048  6366  6493  6556
1057    6553  6488  6359  6103  5976  5913  5851  5847 14105  1964  6043  6104
1069    6231  6359  6488  6554  2028  6107  6168  6231  1765 14565  1701  5786
1081    5848  6039  6167  6360  6490  1765  5850  5912  6039  2405  6487  2469
1093    6551  1509  5861  2213  6565  2391 14935  1701  6167  1765  6169  2469
1105    6167  1573  6053  2213 14885  1573  5911  1637  5914  2085  5911  2085
1117    6423  2149  6426  2597  6423  1381  5925  2405 15077  1701  6487  1765
1129    6551  2469  5783  1573  6053  2213  6693  1559  6039  2199 14871  1701
1141    6167  1765  6169  2469  6167  6035  5905  5776  5712  5649  5714  5777
1153    1573  6053  2213 14885  2405  5783  2469  5847  1765  5793  5797  6565
1165    1687  6551  6555 14679  2028  5931  5800  5731  5728  5787  5912  6103
1177    6231  6424  6555  6624  6627  6568  6443  6252  6124  2028  5995  5930
1189    5864  5795  5792  5851  5913  5976  6103  2135  6360  6425  6491  6560
1201    6563  6504  6442  6379 14444  1832  6057  6252  6231  2091  6167  1815
1213   14679  1704  5863  5798  5735  5736  5802  5867  6060  6316  6507  6570
1225    6632  6630  6564  6370  6048  5919  5789  5722  5719  2220  6443  6506
1237    6568  6566  6500  6306  6048  1625  5786  5914  6232  6424  6553  6618
1249    1818  6231  6487  6552  6618 14812  1704  5863  5798  5735  5736  5802
1261    5867  6060  6316  6507  6569  6566  6500  6307  6115  2220  6443  6505
1273    6502  6436  6307  2211  6434  6560  6622  6619  6553  6488  6295  6039
1285    5848  5785  5723  5724  5789  5852  5787  2401  6558  6555  6489  6424
1297   14487  2218  6295  2284  6359  2284  5661  6685  2007 14743  1772  5730
1309    1634  5860  6053  6245  6436  6562  6623  6621  6554  6424  6231  6039
1321    5848  5785  5723  5724  5789  5852  5787  2149  6372  6498  6559  6557
1333    6490  6360  6231  1772  6508  1771  6187 14700  2409  6440  6503  6568
1345    6569  6507  6380  6188  5995  5865  5799  5731  5725  5786  5912  6103
1357    6231  6424  6554  6621  6622  6561  6435  6244  6180  5987  5857  5790
1369    2092  6059  5929  5863  5795  5789  5850  5976  6103  2135  6360  6490
1381    6557  6558  6497  6371 14436  1644  5734  1640  5802  5932  6060  6377
1393    6505  6570  6636  1706  5931  6059  6377  2540  6633  6566  6305  6239
1405    6172  6167  2470  6241  6175  6108 14295  1964  5867  5801  5798  5860
1417    6051  6307  6500  6566  6569  6507  6316  6060  1964  5931  5865  5862
1429    5924  6051  2211  6436  6502  6505  6443  6316  1955  5858  5793  5727
1441    5723  5785  5848  6039  6295  6488  6553  6619  6623  6561  6498  6307
1453    1955  5922  5857  5791  5787  5849  5912  6039  2199  6424  6489  6555
1465    6559  6497  6434 14499  2469  6498  6368  6175  6111  5920  5794  5733
1477    5734  5801  5931  6124  6252  6443  6569  6630  6624  6556  6490  6360
1489    6167  5975  5848  5786  5787  5852  5915  5850  2015  5984  5858  5797
1501    5798  5865  5995  6124  2156  6379  6505  6566  6560  6492  6426  6296
1513   14359  2073  6104  6167  6232 14361  2071  6104  6169  6232  6230  6164
1525   14291  2085  6116  6179  6244  6181  2073  6104  6167  6232 14361  2085
1537    6116  6179  6244  6181  2071  6104  6169  6232  6230  6164 14291  2092
1549    6122  6174  6250  6188  2090  6180  2073  6104  6167  6232 14361  1768
1561    5927  5862  5799  5800  5866  5931  6060  6252  6443  6506  6568  6566
1573    6500  6435  6177  6174  2156  6379  6442  6504  6502  6436  6306  2073
1585    6104  6167  6232 14361  1836  5861  1900  5861  2348  6373  2412 14565
1597    2092  6176  1769  6499  2409 14051  2672 13776  2352  6318  6187  6055
1609    5986  5982  6041  6165  6290  6416  2222  6186  6119  6050  6046  6105
1621    6166 14482  1840  6062  6187  6311  6370  6366  6297  6165  6034  5904
1633    1966  6186  6247  6306  6302  6233  6166 14226  1904  5968  1968  6032
1645    1904  6448  1872 14608  2224  6288  2288  6352  1840  6384  1808 14544
1657    2224  6191  6126  6060  6058  6120  6183  6245  6243  6113  2095  6125
1669    6123  6185  6248  6310  6308  6242  5984  6238  6300  6298  6232  6167
1681    6101  6099  6161  2015  6237  6235  6169  6104  6038  6036  6098  6161
1693   14480  1968  6191  6254  6316  6314  6248  6183  6117  6115  6241  2095
1705    6253  6251  6185  6120  6054  6052  6114  6368  6110  6044  6042  6104
1717    6167  6229  6227  6161  2143  6109  6107  6169  6232  6294  6292  6226
1729    6161 14224  2096 14352  1504 14944  2089  6167  1504 14944  1507  6755
1741    1501 14941  2601  5664 14871  1577  6688 13847  1501  5599  5666  5795
1753    5923  6050  6303  6430  6558  6687  6753  1503  5665  5794  5922  6049
1765    6302  6429  6557  6686  6753 14947  1566  6179  6686  1566  6178 14878
1777    2090  6123  6188  6251  6249  6183 14310  2090  6251  6188  6123  6121
1789    6183 14438  2668  5591  1836  6058  6056  5990  5861  5733  5607  5609
1801    5675  5804  5932  6059  6250  6442  6635  6764  2398  6365  6299  6297
1813    6423  6551  6680  6746  6748  6622 14686  2660  6691  6754  6819  6820
1825    6757  6693  6628  6562  6429  6298  6168  6039  5847  5656  5594  5597
1837    5663  6051  6181  6247  6249  6187  6060  5931  5865  5863  5924  6049
1849    6362  6488  6679  6743  6808  6809  1751  5720  5658  5661  5727  5857
1861    1767  5925  6426  6552 14871  2404  6438  6311  6119  5990  5925  5858
1873    5855  5917  6044  6236  6365  6431  2023  5989  5922  5919  5981  6044
1885    2407  6431  6429  6556  6684  6814  6881  6883  6822  6760  6634  6507
1897    6316  6124  5931  5802  5672  5606  5539  5536  5597  5659  5785  5912
1909    6103  6295  6488  6617  6682  2471  6495  6493 14748  1968  6035  2224
1921    6291  2473  6504  6567  6632  6633  6507  6316  6060  5867  5737  5735
1933    5797  5860  5987  6369  6496  6622  1639  5861  5988  6370  6497  6560
1945    6622  6618  6488  6295  6039  5848  5722  5723  5788  5851 13978  2156
1957    5776  2540  6160  1697  6689  1627 14811 10272 10272 10272 10272 10272
