 32 22 16 32 2208 ROMAN-DUPLEX-PRINCIPAL FONT
   1 21 43   1 21 43   1 21 43   1 21 43   1 21 43   1 21 43   1 21 43   1 21 43
   1 21 43   1 21 43   1 21 43   1 21 43   1 21 43   1 21 43   1 21 43   1 21 43
   1 21 43   1 21 43   1 21 43   1 21 43   1 21 43   1 21 43   1 21 43   1 21 43
   1 21 43   1 21 43   1 21 43   1 21 43   1 21 43   1 21 43   1 21 43   1 21 43
1855 27 382187 23 41 211 22 432031 23 42 130 20 441965 20 451945 27 382083 25 39
2105 25 392127 24 402163 20 451773 27 382157 20 451759 27 382077 21 441403 22 42
1440 22 421450 22 421480 22 421520 22 421533 22 421577 22 421632 22 421641 22 42
1704 22 421793 27 381821 27 38  96 20 442175 20 45  99 20 441875 23 42 159 19 46
 219 22 42 233 22 42 271 22 43 307 22 43 335 23 42 354 23 41 369 22 43 411 21 43
 427 28 37 433 24 41 451 22 43 467 23 40 477 20 44 495 21 43 509 21 43 547 22 42
 570 21 43 614 22 42 642 22 42 683 24 41 694 21 43 716 22 42 726 19 45 744 22 42
 756 23 42 769 22 42   4 25 39   2 25 39  12 25 39 124 21 43   1 21 431925 27 38
 783 22 42 815 22 42 847 23 41 877 22 42 909 23 41 943 26 40 962 22 421006 22 42
1027 28 371047 28 371067 22 411083 28 371089 17 481125 22 421146 23 421180 22 42
1212 22 421244 25 391261 24 411303 27 381315 22 421336 24 401346 20 441364 23 41
1376 24 401389 23 41  20 25 39  94 28 36  57 25 39 102 20 44   1 21 43   1 21 43
   1   10272  1644 14804  1904  5968  1968  6032  1904  6448  1872 14608  2224
  13    6288  2288  6352  1840  6384  1808 14544  2224  6191  6126  6060  6058
  25    6120  6183  6245  6243  6113  2095  6125  6123  6185  6248  6310  6308
  37    6242  5984  6238  6300  6298  6232  6167  6101  6099  6161  2015  6237
  49    6235  6169  6104  6038  6036  6098  6161 14480  1968  6191  6254  6316
  61    6314  6248  6183  6117  6115  6241  2095  6253  6251  6185  6120  6054
  73    6052  6114  6368  6110  6044  6042  6104  6167  6229  6227  6161  2143
  85    6109  6107  6169  6232  6294  6292  6226  6161 14224  2096 14352  2601
  97    5664 14871  1577  6688 13847  1501  5599  5666  5795  5923  6050  6303
 109    6430  6558  6687  6753  1503  5665  5794  5922  6049  6302  6429  6557
 121    6686  6753 14947  1566  6179  6686  1566  6178 14878  2668  5591  1836
 133    6058  6056  5990  5861  5733  5607  5609  5675  5804  5932  6059  6250
 145    6442  6635  6764  2398  6365  6299  6297  6423  6551  6680  6746  6748
 157    6622 14686  2404  6438  6311  6119  5990  5925  5858  5855  5917  6044
 169    6236  6365  6431  2023  5989  5922  5919  5981  6044  2407  6431  6429
 181    6556  6684  6814  6881  6883  6822  6760  6634  6507  6316  6124  5931
 193    5802  5672  5606  5539  5536  5597  5659  5785  5912  6103  6295  6488
 205    6617  6682  2471  6495  6493 14748  2156  5776  2540  6160  1697  6689
 217    1627 14811  2092  5655  2089  5719  5655  2089  6615  6679  2092  6679
 229    1757  6493  1692 14748  1708  5783  1771  5848  1708  6316  6507  6570
 241    6632  6629  6563  6498  6305  1771  6315  6506  6568  6565  6499  6306
 253    1762  6306  6497  6560  6622  6619  6553  6488  6295  5783  1761  6305
 265    6496  6558  6555  6489  6296 14040  2599  6633  6507  6380  6124  5995
 277    5865  5799  5732  5727  5788  5850  5976  6103  6359  6488  6618  6684
 289    2599  6631  6569  6506  6379  6123  5994  5863  5796  5791  5852  5977
 301    6104  6360  6489  6554  6620 14876  1708  5783  1771  5848  1708  6252
 313    6443  6569  6631  6692  6687  6620  6554  6424  6231  5783  1771  6251
 325    6442  6505  6567  6628  6623  6556  6490  6425  6232 14040  1772  5847
 337    1835  5912  1772  6636  1835  6635  6636  1826  6306  6305  1825  6305
 349    1816  6616  6615  1751 14807  1772  5847  1835  5911  5847  1772  6636
 361    1835  6635  6636  1826  6306  6305  1825 14497  2599  6633  6507  6380
 373    6124  5995  5865  5799  5732  5727  5788  5850  5976  6103  6359  6488
 385    6618  6684  6688  6368  2599  6631  6569  6506  6379  6123  5994  5929
 397    5863  5796  5791  5852  5914  5977  6104  6360  6489  6554  6620  6623
 409    6367 14560  1644  5719  1644  5804  5783  5719  2540  6572  6551  6615
 421    2540  6615  1698  6562  1697 14753  2092  6167  6231  2092  6252 14423
 433    2348  6428  6361  6232  6104  5977  5916  5852  2348  6508  6492  6425
 445    6360  6231  6103  5976  5913 14044  1708  5783  5847  1708  5868  5847
 457    2604  6636  5856  2604  5855  1955  6615  6679  2019 14871  1772  5847
 469    1772  5932  5912  1816  6616  6615  1751 14807  1580  5655  1639  5719
 481    5655  1639  6167  1580  6170  2604  6170  2535  6167  2535  6615  6679
 493    2604 14871  1644  5719  1705  5783  5719  1705  6615  1644  6554  2476
 505    6554  2476  6636 14807  1964  5931  5801  5735  5668  5663  5724  5786
 517    5912  6039  6295  6424  6554  6620  6687  6692  6631  6569  6443  6316
 529    6060  2027  5930  5799  5732  5727  5788  5913  6104  6232  6425  6556
 541    6623  6628  6567  6442  6251 14315  1708  5783  1771  5847  5783  1708
 553    6380  6507  6570  6632  6629  6563  6498  6369  5857  1771  6379  6506
 565    6568  6565  6499  6370 14050  1964  5931  5801  5735  5668  5663  5724
 577    5786  5912  6039  6295  6424  6554  6620  6687  6692  6631  6569  6443
 589    6316  6060  2027  5930  5799  5732  5727  5788  5913  6104  6232  6425
 601    6556  6623  6628  6567  6442  6251  6123  2138  6549  6613  2138  6298
 613   14805  1708  5783  1771  5847  5783  1708  6316  6507  6570  6632  6629
 625    6563  6498  6305  5857  1771  6315  6506  6568  6565  6499  6306  5858
 637    2081  6551  6615  2145 14807  2537  6507  6316  6060  5867  5737  5735
 649    5797  5860  5987  6305  6432  6495  6557  6554  6489  6296  6040  5913
 661    5850  5722  2537  6505  6442  6315  6059  5866  5801  5799  5861  5988
 673    6306  6433  6559  6621  6618  6488  6295  6039  5848 13914  2091  6167
 685    2155  6231  6167  1708  6636  6635  1708  5803 14827  1644  5725  5786
 697    5912  6103  6231  6424  6554  6621  6636  1644  5804  5789  5850  5913
 709    6104  6232  6425  6490  6557  6572 14828  1580  6167  1580  5740  6170
 721    2604  6636  6170  2604 14359  1388  5847  1388  5548  5850  2092  5850
 733    2089  5847  2089  6487  2092  6490  2796  6828  6490  2796 14679  1644
 745    6551  6615  1644  5804  6615  2540  6572  5719  2540  5783 13911  1644
 757    6178  6167  6231  1644  5804  6242  2604  6636  6178  2604  6242 14423
 769    2476  5719  2540  5783  1644  6636  1644  5739  6571  1688  6616  6615
 781    1623 14807  2405  6487  6551  2405  6565  6551  2402  6372  6245  6053
 793    5924  5794  5727  5725  5786  5912  6039  6231  6360  6490  2402  6244
 805    6052  5923  5858  5791  5789  5850  5913  6040  6232 14682  1708  5783
 817    5847  1708  5868  5847  1762  5988  6117  6309  6436  6562  6623  6621
 829    6554  6424  6295  6103  5976  5850  1762  6116  6308  6435  6498  6559
 841    6557  6490  6425  6296  6104 14042  2466  6436  6309  6117  5988  5858
 853    5791  5789  5850  5976  6103  6295  6424  6554  2466  6497  6435  6308
 865    6116  5987  5922  5855  5853  5914  5977  6104  6296  6425  6491 14746
 877    2412  6487  6551  2412  6572  6551  2402  6372  6245  6053  5924  5794
 889    5727  5725  5786  5912  6039  6231  6360  6490  2402  6244  6052  5923
 901    5858  5791  5789  5850  5913  6040  6232 14682  1758  6558  6561  6499
 913    6436  6309  6117  5988  5858  5791  5789  5850  5976  6103  6295  6424
 925    6554  1759  6495  6497  6435  6308  6116  5987  5922  5855  5853  5914
 937    5977  6104  6296  6425  6491 14746  2412  6380  6251  6184  6167  6231
 949    2412  6507  6379  6250  2219  6248  6231  1893  6437  6436  1893  5988
 961   14628  2469  6501  6486  6419  6354  6225  6097  5970  5907  5779  2469
 973    6550  6483  6353  6224  6032  5905  5779  2402  6372  6245  6053  5924
 985    5794  5727  5725  5786  5912  6039  6231  6360  6490  2402  6244  6052
 997    5923  5858  5791  5789  5850  5913  6040  6232 14682  1708  5783  5847
1009    1708  5868  5847  1761  6052  6181  6373  6500  6561  6551  1761  6051
1021    6180  6308  6435  6497  6487 14743  2092  6123  6122  6185  6249  6314
1033    6315  6252  6188  2091  6186  6250  6251  6187  2085  6167  6231  2085
1045    6245 14423  2092  6123  6122  6185  6249  6314  6315  6252  6188  2091
1057    6186  6250  6251  6187  2085  6160  6224  2085  6245 14416  1708  5783
1069    5847  1708  5868  5847  2469  6501  5851  2469  5850  1950  6423  6551
1081    2015 14743  2092  6167  6231  2092  6252 14423  1381  5463  5527  1381
1093    5541  5527  1441  5732  5861  6053  6180  6241  6231  1441  5731  5860
1105    5988  6115  6177  6167  6231  2145  6436  6565  6757  6884  6945  6935
1117    2145  6435  6564  6692  6819  6881  6871 15127  1701  5783  5847  1701
1129    5861  5847  1761  6052  6181  6373  6500  6561  6551  1761  6051  6180
1141    6308  6435  6497  6487 14743  2021  5988  5858  5791  5789  5850  5976
1153    6103  6295  6424  6554  6621  6623  6562  6436  6309  6117  2020  5987
1165    5922  5855  5853  5914  5977  6104  6296  6425  6490  6557  6559  6498
1177    6435  6308 14308  1701  5776  5840  1701  5861  5840  1762  5988  6117
1189    6309  6436  6562  6623  6621  6554  6424  6295  6103  5976  5850  1762
1201    6116  6308  6435  6498  6559  6557  6490  6425  6296  6104 14042  2405
1213    6480  6544  2405  6565  6544  2402  6372  6245  6053  5924  5794  5727
1225    5725  5786  5912  6039  6231  6360  6490  2402  6244  6052  5923  5858
1237    5791  5789  5850  5913  6040  6232 14682  1893  5975  6039  1893  6053
1249    6039  1951  6114  6244  6373  6565  1951  6113  6243  6372  6564 14757
1261    2466  6500  6309  6117  5924  5858  5920  6047  6365  6492  2333  6491
1273    6490  6424  2393  6296  6104  5913  1880  5914  5850  2466  6498  6436
1285    2403  6308  6116  5923  1892  5922  5984  1825  6048  6366  6493  6555
1297    6554  6488  6295  6103  5912 14042  2092  6167  6231  2092  6252  6231
1309    1893  6437  6436  1893  5988 14628  1701  5787  5848  5975  6167  6296
1321    6491  1701  5861  5851  5913  6040  6168  6297  6491  2405  6487  6551
1333    2405  6565 14743  1701  6167  1701  5861  6169  2469  6501  6169  2469
1345   14359  1509  5911  1509  5669  5914  2085  5914  2082  5911  2082  6423
1357    2085  6426  2661  6693  6426  2661 14615  1701  6487  6551  1701  5861
1369    6551  2469  6501  5783  2469  5847 13975  1701  6167  1701  5861  6169
1381    2469  6501  6169  5904  2469  6167  5968 14096  2340  5783  2469  5912
1393    1701  6565  1701  5796  6436  1816  6552  6551  1687 14743  2028  5931
1405    5800  5731  5728  5787  5912  6103  6231  6424  6555  6624  6627  6568
1417    6443  6252  6124  1899  5864  5795  5792  5851  5976  1817  6104  6232
1429    6425  2264  6491  6560  6563  6504  6379  2346  6251  6123 14122  1832
1441    6057  6252  6231  1832  5927  6056  6186  6167 14423  1703  5800  5866
1453    5931  6060  6316  6443  6506  6568  6566  6500  6369  5783  1703  5863
1465    5864  5930  6059  6315  6442  6504  6502  6436  6305  5719  1688  6616
1477    6615  1623 14807  1772  6572  6115  1772  5867  6507  2412  6051  2020
1489    6244  6435  6561  6622  6621  6554  6424  6231  6039  5848  5785  5723
1501    5787  1955  6243  6434  6559  2211  6497  6558  6557  6490  6296  2460
1513    6425  6232  6040  5849  5787  1880 13978  2281  6359  6423  2348  6423
1525    2348  5724  6684  2281  5788  1693  6685 14876  1772  5795  1835  5860
1537    1772  6508  6507  1835  6507  1764  6053  6245  6436  6562  6623  6621
1549    6554  6424  6231  6039  5848  5785  5723  5787  1699  5859  5988  6244
1561    6435  6560  2212  6498  6559  6557  6490  6296  2460  6425  6232  6040
1573    5849  5787  1880 13978  2347  6505  6569  6507  6316  6188  5995  5864
1585    5795  5790  5850  5976  6167  6231  6424  6554  6621  6622  6561  6435
1597    6244  6180  5987  5857  2410  6315  6187  5994  1963  5928  5859  5854
1609    5914  6104  1756  5977  6168  6232  6425  6556  2200  6490  6557  6558
1621    6497  6307  2463  6434  6243  6179  5986  5855  2019  5921 14046  1644
1633    6636  5975  1644  5739  6571  2476  5911 14167  1964  5867  5801  5799
1645    5861  5924  6051  6306  6433  6496  6558  6555  6489  6296  6040  5849
1657    5787  5790  5856  5921  6050  6307  6436  6501  6567  6569  6507  6316
1669    6060  1835  5865  5863  5925  6052  6307  6434  6560  6622  6619  6553
1681    6488  6295  6039  5848  5785  5723  5726  5792  5922  6051  6308  6437
1693    6503  6505  6443  2410  6315  6059  5866  1690  5976  2264 14746  2402
1705    6368  6175  6111  5920  5794  5733  5734  5801  5931  6124  6188  6379
1717    6505  6565  6560  6491  6360  6167  6039  5848  5786  5850  5912  2405
1729    6434  6240  2404  6369  6176  6112  5921  5796  1952  5858  5797  5798
1741    5865  6059  1703  5930  6123  6187  6378  6503  2155  6441  6501  6496
1753    6427  6296  2265  6168  6040 14041  2074  6105  6104  6167  6231  6296
1765    6297  6234  6170  2073  6168  6232  6233 14361  2200  6231  6167  6104
1777    6105  6170  6234  6297  6294  6228  6099  2073  6168  6232  6233  6169
1789    2135  6294  2200 14420  2085  6116  6115  6178  6242  6307  6308  6245
1801    6181  2084  6179  6243  6244  6180  2074  6105  6104  6167  6231  6296
1813    6297  6234  6170  2073  6168  6232  6233 14361  2085  6116  6115  6178
1825    6242  6307  6308  6245  6181  2084  6179  6243  6244  6180  2200  6231
1837    6167  6104  6105  6170  6234  6297  6294  6228  6099  2073  6168  6232
1849    6233  6169  2135  6294  2200 14420  2092  6174  6238  2092  6252  6238
1861    2074  6105  6104  6167  6231  6296  6297  6234  6170  2073  6168  6232
1873    6233 14361  1703  5800  5866  5931  6124  6316  6507  6570  6632  6630
1885    6564  6499  6370  6177  1703  5863  5864  5930  6123  6315  6506  6568
1897    6566  6500  6371  6178  1769  6059  2283  6569  2469  6306  2082  6174
1909    6238  6242  2074  6105  6104  6167  6231  6296  6297  6234  6170  2073
1921    6168  6232  6233 14361  2220  6187  6121  6118  6181  6245  6310  6311
1933    6248  6184  6119  2087  6182  6246  6247  6183  2091  6119  2025 14376
1945    2218  6249  6185  6122  6123  6188  6252  6315  6312  6246  6117  2091
1957    6186  6250  6251  6187  2153  6312  2218 14438  2725  6693  6564  6498
1969    6364  6298  6233  6104  5848  5721  5659  5661  5727  5792  6115  6245
1981    6311  6313  6251  6124  6060  5931  5865  5863  5924  6049  6363  6552
1993    6679  6807  2725  6820  6692  6563  2532  6562  6428  6362  6232  6103
2005    5847  5720  5657  5595  5597  5663  5793  6116  6181  6247  6249  6187
2017    2154  6123  6059  5930  1899  5929  5927  5988  6113  6427  6553  6680
2029    6808 14999  2096  6163  6227  2096  6256  6227  2409  6633  6507  6316
2041    6124  5931  5801  5799  5861  5924  6432  6495  6557  6555  6489  6296
2053    6104  5977  5914  2409  6442  6315  6123  5930  5865  5863  5925  6433
2065    6559  6621  6619  6553  6488  6295  6103  5912  5786  5914  2458 14552
2077    2672  5584  5648  2672  6832 13840  2288  6254  6123  5991  5922  5918
2089    5977  6101  6226  6352  6416  2288  6448  6318  6187  6055  5986  5982
2101    6041  6165  6290 14608  1840  6062  6187  6311  6370  6366  6297  6165
2113    6034  5904  5968  1840  6000  6126  6251  6375  6434  6430  6361  6229
2125    6098 14160  2092  6123  6241  6176  2092  6176  2092  6251  6113  6176
2137    1769  5929  6435  6499  1769  6499  1769  5864  6500  6499  2409  6441
2149    5923  5859  2409  5859  2409  6504  5860 14051  1569  6753  6752  1569
2161    5664 14944  2089  6168  6232  2089  6249  6232  1569  6753  6752  1569
2173    5664 14944  1573  6757  6756  1573  5668  6756  1565  6749  6748  1565
2185    5660 14940  1836  5867  5861  1835  5861  1836  5995  5861  2412  6443
2197    6437  2411  6437  2412  6571 14629 10272 10272 10272 10272 10272 10272
