 32 22 16 32 1104 ROMAN-SIMPLEX-PRINCIPAL FONT
   1 21 43   1 21 43   1 21 43   1 21 43   1 21 43   1 21 43   1 21 43   1 21 43
   1 21 43   1 21 43   1 21 43   1 21 43   1 21 43   1 21 43   1 21 43   1 21 43
   1 21 43   1 21 43   1 21 43   1 21 43   1 21 43   1 21 43   1 21 43   1 21 43
   1 21 43   1 21 43   1 21 43   1 21 43   1 21 43   1 21 43   1 21 43   1 21 43
 741 27 37 767 24 401090 22 43 771 22 421009 20 44 847 19 45 840 27 37 797 25 39
 807 25 39 827 24 40 819 19 45 710 27 37 817 19 45 705 27 37 795 21 43 554 22 42
 571 22 42 575 22 42 589 22 42 604 22 42 609 22 42 626 22 42 649 22 42 653 22 42
 682 22 42 718 27 37 728 27 37 975 20 44 823 19 45 978 20 44 748 23 411038 19 46
   2 23 41   8 21 42  29 22 43  47 21 42  61 22 41  69 22 40  75 22 43  96 21 43
 102 28 36 104 24 40 114 21 42 120 22 39 124 20 44 132 21 43 138 21 43 159 21 42
 171 21 43 194 21 42 208 22 42 228 24 40 232 21 43 242 23 41 246 20 44 254 22 42
 258 23 41 263 22 42 883 25 39 881 25 39 891 25 391003 21 43   1 21 43 833 27 37
 269 23 42 285 22 41 301 23 41 315 23 42 331 23 41 348 27 39 355 23 42 376 23 42
 385 28 36 392 27 37 402 23 40 408 28 36 410 17 47 426 23 42 435 23 42 452 22 41
 468 23 42 484 25 38 491 24 41 508 27 39 515 23 42 524 24 40 528 21 43 536 24 41
 540 24 40 548 24 41 899 25 39 973 28 36 936 25 39 981 20 44   1 21 43   1 21 43
   1   10272  2092  5655  2092  6679  1758 14686  1644  5719  1644  6316  6507
  13    6570  6632  6630  6564  6499  6306  1634  6306  6497  6560  6622  6619
  25    6553  6488  6295 13911  2599  6633  6507  6380  6124  5995  5865  5799
  37    5732  5727  5788  5850  5976  6103  6359  6488  6618 14876  1644  5719
  49    1644  6188  6379  6505  6567  6628  6623  6556  6490  6360  6167 13911
  61    1708  5783  1708  6636  1698  6306  1687 14807  1708  5783  1708  6636
  73    1698 14498  2599  6633  6507  6380  6124  5995  5865  5799  5732  5727
  85    5788  5850  5976  6103  6359  6488  6618  6684  6687  2271 14879  1644
  97    5719  2540  6615  1634 14818  2092 14359  2348  6428  6361  6296  6167
 109    6039  5912  5849  5788 13982  1644  5719  2540  5726  1955 14807  1708
 121    5783  1687 14743  1580  5655  1580  6167  2604  6167  2604 14871  1644
 133    5719  1644  6615  2540 14807  1964  5931  5801  5735  5668  5663  5724
 145    5786  5912  6039  6295  6424  6554  6620  6687  6692  6631  6569  6443
 157    6316 14252  1644  5719  1644  6316  6507  6570  6632  6629  6563  6498
 169    6305 13921  1964  5931  5801  5735  5668  5663  5724  5786  5912  6039
 181    6295  6424  6554  6620  6687  6692  6631  6569  6443  6316  6060  2139
 193   14805  1644  5719  1644  6316  6507  6570  6632  6630  6564  6499  6306
 205    5730  2082 14807  2537  6507  6316  6060  5867  5737  5735  5797  5860
 217    5987  6369  6496  6559  6621  6618  6488  6295  6039  5848 13914  2092
 229    6167  1644 14828  1644  5725  5786  5912  6103  6231  6424  6554  6621
 241   14828  1580  6167  2604 14359  1452  5847  2092  5847  2092  6487  2732
 253   14679  1644  6615  2540 13911  1580  6178  6167  2604 14370  2540  5719
 265    1644  6636  1623 14807  2469  6551  2466  6436  6309  6117  5988  5858
 277    5791  5789  5850  5976  6103  6295  6424 14746  1708  5783  1698  5924
 289    6053  6245  6372  6498  6559  6557  6490  6360  6231  6039  5912 13978
 301    2466  6436  6309  6117  5988  5858  5791  5789  5850  5976  6103  6295
 313    6424 14746  2476  6551  2466  6436  6309  6117  5988  5858  5791  5789
 325    5850  5976  6103  6295  6424 14746  1695  6559  6561  6499  6436  6309
 337    6117  5988  5858  5791  5789  5850  5976  6103  6295  6424 14746  2412
 349    6380  6251  6184  6167  1893 14629  2469  6549  6482  6417  6288  6096
 361    5969  2466  6436  6309  6117  5988  5858  5791  5789  5850  5976  6103
 373    6295  6424 14746  1772  5847  1761  6052  6181  6373  6500  6561 14743
 385    2028  6187  6252  6189  6124  2085 14359  2092  6251  6316  6253  6188
 397    2149  6228  6161  6032 14096  1772  5847  2405  5851  2015 14743  2092
 409   14359  1381  5463  1377  5668  5797  5989  6116  6177  6167  2081  6372
 421    6501  6693  6820  6881 15063  1765  5847  1761  6052  6181  6373  6500
 433    6561 14743  2021  5988  5858  5791  5789  5850  5976  6103  6295  6424
 445    6554  6621  6623  6562  6436  6309 14309  1701  5776  1698  5924  6053
 457    6245  6372  6498  6559  6557  6490  6360  6231  6039  5912 13978  2469
 469    6544  2466  6436  6309  6117  5988  5858  5791  5789  5850  5976  6103
 481    6295  6424 14746  1893  5975  1887  6050  6180  6309 14693  2466  6500
 493    6309  6117  5924  5858  5920  6047  6366  6493  6555  6554  6488  6295
 505    6103  5912 14042  2092  6171  6232  6359  6487  1893 14629  1765  5851
 517    5912  6039  6231  6360  6555  2469 14743  1701  6167  2469 14359  1573
 529    5911  2085  5911  2085  6423  2597 14615  1765  6551  2469 14039  1701
 541    6167  2469  6167  6035  5905  5776 13904  2469  5847  1765  6565  1751
 553   14743  2028  5931  5800  5731  5728  5787  5912  6103  6231  6424  6555
 565    6624  6627  6568  6443  6252 14316  1832  6057  6252 14423  1703  5800
 577    5866  5931  6060  6316  6443  6506  6568  6566  6500  6369  5719 14807
 589    1772  6572  6180  6372  6499  6562  6623  6621  6554  6424  6231  6039
 601    5848  5785 13915  2284  5726  6686  2284 14551  2412  5868  5795  5860
 613    6053  6245  6436  6562  6623  6621  6554  6424  6231  6039  5848  5785
 625   13915  2473  6507  6316  6188  5995  5864  5795  5790  5850  5976  6167
 637    6231  6424  6554  6621  6622  6561  6435  6244  6180  5987  5857 13982
 649    2540  5975  1644 14828  1964  5867  5801  5799  5861  5988  6243  6434
 661    6560  6622  6619  6553  6488  6295  6039  5848  5785  5723  5726  5792
 673    5922  6115  6372  6501  6567  6569  6507  6316 14252  2469  6498  6368
 685    6175  6111  5920  5794  5733  5734  5801  5931  6124  6188  6379  6505
 697    6565  6560  6491  6360  6167  6039  5848 13978  2073  6104  6167  6232
 709   14361  2136  6167  6104  6169  6232  6230  6164 14291  2085  6116  6179
 721    6244  6181  2073  6104  6167  6232 14361  2085  6116  6179  6244  6181
 733    2136  6167  6104  6169  6232  6230  6164 14291  2092  6174  2073  6104
 745    6167  6232 14361  1703  5800  5866  5931  6060  6316  6443  6506  6568
 757    6566  6500  6435  6177  6174  2073  6104  6167  6232 14361  1836  5925
 769    2348 14629  1968  6035  2224  6291  2537  6507  6316  6060  5867  5737
 781    5735  5797  5860  5987  6369  6496  6559  6621  6618  6488  6295  6039
 793    5848 13914  2672 13776  2352  6318  6187  6055  5986  5982  6041  6165
 805    6290 14608  1840  6062  6187  6311  6370  6366  6297  6165  6034 14096
 817    1504 14944  2089  6167  1504 14944  1507  6755  1501 14941  2086  6170
 829    1763  6493  2403 14045  2156  6187  6121  6119  6182  6247 14376  2090
 841    6123  6188  6251  6249  6183 14310  2723  6820  6757  6693  6628  6562
 853    6429  6298  6168  6039  5783  5656  5593  5531  5533  5599  5664  6116
 865    6181  6247  6249  6187  6060  5931  5865  5863  5924  6049  6362  6488
 877    6615  6743  6808 15001  1644 14804  1904  5968  1968  6032  1904  6448
 889    1872 14608  2224  6288  2288  6352  1840  6384  1808 14544  2224  6191
 901    6126  6060  6058  6120  6183  6245  6243  6113  2095  6125  6123  6185
 913    6248  6310  6308  6242  5984  6238  6300  6298  6232  6167  6101  6099
 925    6161  2015  6237  6235  6169  6104  6038  6036  6098  6161 14480  1968
 937    6191  6254  6316  6314  6248  6183  6117  6115  6241  2095  6253  6251
 949    6185  6120  6054  6052  6114  6368  6110  6044  6042  6104  6167  6229
 961    6227  6161  2143  6109  6107  6169  6232  6294  6292  6226  6161 14224
 973    2096 14352  2601  5664 14871  1577  6688 13847  1501  5599  5666  5795
 985    5923  6050  6303  6430  6558  6687  6753  1503  5665  5794  5922  6049
 997    6302  6429  6557  6686  6753 14947  1566  6179  6686  1566  6178 14878
1009    2668  5591  1836  6058  6056  5990  5861  5733  5607  5609  5675  5804
1021    5932  6059  6250  6442  6635  6764  2398  6365  6299  6297  6423  6551
1033    6680  6746  6748  6622 14686  2404  6438  6311  6119  5990  5925  5858
1045    5855  5917  6044  6236  6365  6431  2023  5989  5922  5919  5981  6044
1057    2407  6431  6429  6556  6684  6814  6881  6883  6822  6760  6634  6507
1069    6316  6124  5931  5802  5672  5606  5539  5536  5597  5659  5785  5912
1081    6103  6295  6488  6617  6682  2471  6495  6493 14748  2156  5776  2540
1093    6160  1697  6689  1627 14811 10272 10272 10272 10272 10272 10272 10272
