 32 22 16 32 3240 ROMAN-TRIPLEX-PRINCIPAL FONT
   1 21 43   1 21 43   1 21 43   1 21 43   1 21 43   1 21 43   1 21 43   1 21 43
   1 21 43   1 21 43   1 21 43   1 21 43   1 21 43   1 21 43   1 21 43   1 21 43
   1 21 43   1 21 43   1 21 43   1 21 43   1 21 43   1 21 43   1 21 43   1 21 43
   1 21 43   1 21 43   1 21 43   1 21 43   1 21 43   1 21 43   1 21 43   1 21 43
2875 27 383220 23 41 211 22 433055 22 42 130 20 442989 19 452969 27 383112 25 39
3136 25 393160 24 403196 20 452793 27 383190 20 452779 27 383106 21 442294 22 42
2339 22 422358 22 422413 22 422481 22 422500 22 422548 22 422611 22 422647 22 42
2716 22 422813 27 382841 27 38  96 20 443208 20 45  99 20 442903 23 42 159 19 46
 219 22 42 243 21 43 304 21 42 338 21 43 386 21 42 443 21 41 491 21 44 541 20 44
 595 26 38 621 24 40 657 20 42 703 23 41 738 19 45 780 20 44 806 21 43 855 21 43
 899 21 43 968 21 431030 22 421071 22 421109 20 441143 22 421166 20 441204 22 42
1240 21 431273 22 42   4 25 39   2 25 39  12 25 39 124 21 43   1 21 432949 27 38
1301 23 431349 21 421388 22 411419 22 431461 22 411497 25 391528 23 421607 21 44
1654 26 381684 25 381717 21 431758 26 381779 15 491852 21 441899 22 421940 21 42
1987 22 422031 23 402063 24 412101 25 402119 21 442152 23 412173 20 442204 22 42
2236 22 412266 23 41  20 25 39  94 28 36  57 25 39 102 20 44   1 21 43   1 21 43
   1   10272  1644 14804  1904  5968  1968  6032  1904  6448  1872 14608  2224
  13    6288  2288  6352  1840  6384  1808 14544  2224  6191  6126  6060  6058
  25    6120  6183  6245  6243  6113  2095  6125  6123  6185  6248  6310  6308
  37    6242  5984  6238  6300  6298  6232  6167  6101  6099  6161  2015  6237
  49    6235  6169  6104  6038  6036  6098  6161 14480  1968  6191  6254  6316
  61    6314  6248  6183  6117  6115  6241  2095  6253  6251  6185  6120  6054
  73    6052  6114  6368  6110  6044  6042  6104  6167  6229  6227  6161  2143
  85    6109  6107  6169  6232  6294  6292  6226  6161 14224  2096 14352  2601
  97    5664 14871  1577  6688 13847  1501  5599  5666  5795  5923  6050  6303
 109    6430  6558  6687  6753  1503  5665  5794  5922  6049  6302  6429  6557
 121    6686  6753 14947  1566  6179  6686  1566  6178 14878  2668  5591  1836
 133    6058  6056  5990  5861  5733  5607  5609  5675  5804  5932  6059  6250
 145    6442  6635  6764  2398  6365  6299  6297  6423  6551  6680  6746  6748
 157    6622 14686  2404  6438  6311  6119  5990  5925  5858  5855  5917  6044
 169    6236  6365  6431  2023  5989  5922  5919  5981  6044  2407  6431  6429
 181    6556  6684  6814  6881  6883  6822  6760  6634  6507  6316  6124  5931
 193    5802  5672  5606  5539  5536  5597  5659  5785  5912  6103  6295  6488
 205    6617  6682  2471  6495  6493 14748  2156  5776  2540  6160  1697  6689
 217    1627 14811  2092  5720  2025  6487  2089  6551  2092  6615  1757  6429
 229    1495  5975  2199  6743  1624  5655  1624  5847  2392  6359  2393  6423
 241    2457 14871  1708  5783  1771  5848  1836  5911  1516  6380  6571  6634
 253    6696  6694  6628  6563  6370  2474  6632  6630  6564  2284  6507  6569
 265    6565  6499  6370  1826  6370  6561  6624  6686  6683  6617  6552  6359
 277    5591  2464  6622  6619  6553  2274  6497  6559  6554  6488  6359  1580
 289    5803  1644  5802  1900  5930  1964  5931  1688  5655  1689  5719  1817
 301    5975  1816 14231  2473  6636  6630  6569  6443  6316  6124  5931  5801
 313    5735  5668  5663  5724  5786  5912  6103  6295  6424  6554  6620  1769
 325    5799  5732  5727  5788  5850  2028  5995  5864  5796  5791  5851  5976
 337   14295  1708  5783  1771  5848  1836  5911  1516  6252  6443  6569  6631
 349    6692  6687  6620  6554  6424  6231  5591  2409  6567  6628  6623  6556
 361    6490  2156  6379  6504  6564  6559  6491  6360  6231  1580  5803  1644
 373    5802  1900  5930  1964  5931  1688  5655  1689  5719  1817  5975  1816
 385   14231  1708  5783  1771  5848  1836  5911  1516  6636  6630  1826  6306
 397    2214  6302  1495  6615  6621  1580  5803  1644  5802  1900  5930  1964
 409    5931  2220  6635  2348  6634  2412  6633  2476  6630  2214  6242  6302
 421    2212  6178  6304  2211  6050  6305  1688  5655  1689  5719  1817  5975
 433    1816  6039  2199  6616  2327  6617  2391  6618  2455 14813  1708  5783
 445    1771  5848  1836  5911  1516  6636  6630  1826  6306  2214  6302  1495
 457    6103  1580  5803  1644  5802  1900  5930  1964  5931  2220  6635  2348
 469    6634  2412  6633  2476  6630  2214  6242  6302  2212  6178  6304  2211
 481    6050  6305  1688  5655  1689  5719  1817  5975  1816 14231  2473  6636
 493    6630  6569  6443  6316  6124  5931  5801  5735  5668  5663  5724  5786
 505    5912  6103  6295  6424  6552  6615  6623  1769  5799  5732  5727  5788
 517    5850  2028  5995  5864  5796  5791  5851  5976  6103  2462  6553  2399
 529    6489  6424  2207  6815  2271  6494  2335  6493  2591  6621  2655 14814
 541    1644  5719  1707  5784  1772  5847  2412  6487  2475  6552  2540  6615
 553    1452  6060  2220  6828  1762  6498  1431  6039  2199  6807  1516  5739
 565    1580  5738  1836  5866  1900  5867  2284  6507  2348  6506  2604  6634
 577    2668  6635  1624  5591  1625  5655  1753  5911  1752  5975  2392  6359
 589    2393  6423  2521  6679  2520 14935  2028  6103  2091  6168  2156  6231
 601    1836  6444  1815  6423  1900  6123  1964  6122  2220  6250  2284  6251
 613    2008  5975  2009  6039  2137  6295  2136 14551  2156  6235  6168  6103
 625    2219  6299  6232  2284  6363  6296  6103  5975  5848  5786  5788  5853
 637    5917  5980  5979  5914  5850  1756  5851  5915  5916  5852  1964  6572
 649    2028  6251  2092  6250  2348  6378  2412 14571  1644  5719  1707  5784
 661    1772  5847  2475  5856  1954  6487  2018  6551  2020  6615  1452  6060
 673    2284  6764  1431  6039  2199  6743  1516  5739  1580  5738  1836  5866
 685    1900  5867  2412  6571  2604  6571  1624  5591  1625  5655  1753  5911
 697    1752  5975  2393  6359  2393 14871  1836  5911  1899  5976  1964  6039
 709    1644  6252  1623  6679  6685  1708  5931  1772  5930  2028  6058  2092
 721    6059  1816  5783  1817  5847  1945  6103  1944  6167  2263  6680  2391
 733    6681  2455  6682  2519 14877  1580  5656  1580  6103  1644  6106  1708
 745    6170  2476  6103  2476  6551  2539  6616  2604  6679  1388  5804  2476
 757    6892  1367  5847  2263  6871  1452  5675  2668  6698  2732  6699  1560
 769    5527  1560  5783  2456  6423  2457  6487  2585  6743  2584 14999  1644
 781    5720  1644  6615  1708  6554  1772  6618  2539  6615  1452  5868  2348
 793    6828  1431  5911  1516  5739  2412  6635  2668  6635  1624  5591  1624
 805   14039  2028  5931  5801  5735  5667  5664  5724  5786  5912  6103  6231
 817    6424  6554  6620  6688  6691  6631  6569  6443  6252  6124  1769  5799
 829    5732  5727  5788  5850  2394  6556  6623  6628  6567  6505  2028  5995
 841    5864  5796  5791  5851  5976  6103  2135  6360  6491  6559  6564  6504
 853    6379 14444  1708  5783  1771  5848  1836  5911  1516  6380  6571  6634
 865    6696  6693  6627  6562  6369  5921  2474  6632  6629  6563  2284  6507
 877    6569  6564  6498  6369  1495  6103  1580  5803  1644  5802  1900  5930
 889    1964  5931  1688  5655  1689  5719  1817  5975  1816 14231  2028  5931
 901    5801  5735  5667  5664  5724  5786  5912  6103  6231  6424  6554  6620
 913    6688  6691  6631  6569  6443  6252  6124  1769  5799  5732  5727  5788
 925    5850  2394  6556  6623  6628  6567  6505  2028  5995  5864  5796  5791
 937    5851  5976  6103  2135  6360  6491  6559  6564  6504  6379  6252  1818
 949    5980  6109  6173  6300  6362  6420  6482  6610  6676  6678  2326  6484
 961    6547  6611  2266  6485  6548  6612 14869  1708  5783  1771  5848  1836
 973    5911  1516  6380  6571  6634  6696  6694  6628  6563  6370  5922  2474
 985    6632  6630  6564  2284  6507  6569  6565  6499  6370  2082  6305  6367
 997    6489  6551  6679  6745  6747  2395  6553  6616  6680  2209  6368  6554
1009    6617  6681  6746  1495  6103  1580  5803  1644  5802  1900  5930  1964
1021    5931  1688  5655  1689  5719  1817  5975  1816 14231  2473  6636  6630
1033    6569  6443  6252  6060  5867  5737  5734  5796  5986  6368  6495  6557
1045    6554  6488  1702  5860  5987  6369  6496  6558  1771  5801  5799  5861
1057    5988  6370  6560  6622  6619  6553  6488  6295  6103  5912  5786  5725
1069    5719 13978  1580  5670  2028  6103  2091  6168  2156  6231  2604  6694
1081    1580  6700  1815  6423  1644  5670  1708  5673  1772  5674  1900  5675
1093    2284  6699  2412  6698  2476  6697  2540  6694  2008  5975  2009  6039
1105    2137  6295  2136 14551  1644  5725  5786  5912  6103  6231  6424  6554
1117    6621  6635  1707  5788  5850  1772  5852  5913  5976  6103  1452  6060
1129    2348  6828  1516  5739  1580  5738  1836  5866  1900  5867  2412  6635
1141    2668 14827  1644  6167  1708  6170  6167  1772  6234  2539  6167  1516
1153    6060  2284  6764  1580  5802  1836  5866  1900  5867  2412  6635  2604
1165   14827  1580  5911  1644  5916  5911  1708  5980  2092  5980  5911  2092
1177    6423  2156  6428  6423  2220  6492  2603  6492  6423  1388  5996  2092
1189    6316  2412  6892  1452  5739  1516  5738  1772  5802  1836  5803  2476
1201    6699  2732 14891  1644  6487  1708  6551  1772  6615  2475  5784  1516
1213    6060  2284  6764  1495  5975  2199  6743  1580  5866  1836  5866  1900
1225    5867  2348  6571  2604  6571  1688  5655  1688  5911  2392  6359  2393
1237    6423  2393 14871  1580  6113  6103  1644  6177  6168  1708  6241  6231
1249    2539  6241  1452  5996  2348  6828  1815  6423  1516  5739  1836  5803
1261    2412  6635  2668  6635  2008  5975  2009  6039  2137  6295  2136 14551
1273    2540  5740  5734  2412  5719  2476  5783  2540  5847  1623  6615  6621
1285    1708  5734  1772  5737  1836  5738  1964  5739  2199  6616  2327  6617
1297    2391  6618  2455 14813  1826  5923  5987  5985  5857  5859  5924  6053
1309    6309  6436  6499  6561  6554  6616  6679  2339  6497  6490  6552  2213
1321    6372  6434  6426  6488  6679  6743  2336  6367  6046  5853  5787  5786
1333    5848  6039  6231  6360  6426  1821  5851  5850  5912  2271  6110  5981
1345    5915  5914  5976 14231  1708  5783  5848  5976  1771  5849  1516  5932
1357    5912  1826  5988  6117  6245  6436  6562  6623  6621  6554  6424  6231
1369    6103  5976  5914  2402  6560  6556  6490  2149  6372  6435  6496  6492
1381    6425  6360  6231  1580  5803  1644 13994  2401  6498  6434  6432  6560
1393    6562  6436  6309  6117  5924  5794  5727  5725  5786  5912  6103  6231
1405    6424  6554  1762  5792  5788  5850  2021  5988  5923  5856  5852  5913
1417    5976 14295  2348  6423  6743  2411  6488  2156  6572  6551  2338  6372
1429    6245  6117  5924  5794  5727  5725  5786  5912  6103  6231  6360  6426
1441    1762  5792  5788  5850  2021  5988  5923  5856  5852  5913  5976  6103
1453    2220  6443  2284  6442  2457  6615  2456 14871  1759  6559  6561  6499
1465    6436  6245  6117  5924  5794  5727  5725  5786  5912  6103  6231  6424
1477    6554  2400  6497  6435  1762  5792  5788  5850  2335  6434  6372  6245
1489    2021  5988  5923  5856  5852  5913  5976 14295  2410  6507  6443  6441
1501    6569  6571  6508  6316  6187  6122  6055  6039  2090  6119  6104  2220
1513    6251  6185  6167  1765  6437  1751  6359  1944  5911  1945  5975  2073
1525    6231  2072 14487  2468  6627  6692  6629  6565  6436  6371  2021  5988
1537    5923  5857  5855  5917  5980  6107  6235  6364  6429  6495  6497  6435
1549    6372  6245  6117  1891  5921  5919  5981  2269  6431  6433  6371  2021
1561    6052  5986  5982  6044  6107  2139  6300  6366  6370  6308  6245  1821
1573    5852  5786  5785  5847  5910  6101  6357  6548  6611  1815  6102  6358
1585    6549  1689  5848  6039  6359  6550  6612  6611  6545  6352  5968  5777
1597    5715  5716  5782  5975  1872  5841  5779  5780  5846 14167  1708  5783
1609    1771  5848  1516  5932  5911  1825  5987  6052  6181  6373  6500  6563
1621    6624  6615  2403  6560  6552  2277  6436  6497  6487  1495  6103  2199
1633    6807  1580  5803  1644  5802  1688  5655  1689  5719  1817  5975  1816
1645    6039  2392  6359  2393  6423  2521  6679  2520 14935  2028  6122  6250
1657    6252  6124  2092  6186  2027  6251  2021  6103  2084  6168  1829  6245
1669    6231  1815  6423  1893  6116  1957  6115  2008  5975  2009  6039  2137
1681    6295  2136 14551  2092  6186  6314  6316  6188  2156  6250  2091  6315
1693    2085  6164  6097  6032  2148  6229  6162  1893  6309  6293  6226  6161
1705    6032  5840  5777  5779  5907  5905  5841  5842  1957  6180  2021 14371
1717    1708  5783  1771  5848  1516  5932  5911  2404  5915  2079  6615  2078
1729    6551  2014  6487  2213  6757  1495  6103  2199  6743  1580  5803  1644
1741    5802  2277  6500  2597  6500  1688  5655  1689  5719  1817  5975  1816
1753    6039  2393  6359  2329 14871  2028  6103  2091  6168  1836  6252  6231
1765    1815  6423  1900  6123  1964  6122  2008  5975  2009  6039  2137  6295
1777    2136 14551  1317  5399  1380  5464  1125  5541  5527  1441  5603  5668
1789    5797  5989  6116  6179  6240  6231  2019  6176  6168  1893  6052  6113
1801    6103  2145  6307  6372  6501  6693  6820  6883  6944  6935  2723  6880
1813    6872  2597  6756  6817  6807  1111  5719  1815  6423  2519  7127  1189
1825    5412  1253  5411  1304  5271  1305  5335  1433  5591  1432  5655  2008
1837    5975  2009  6039  2137  6295  2136  6359  2712  6679  2713  6743  2841
1849    6999  2840 15255  1701  5783  1764  5848  1509  5925  5911  1825  5987
1861    6052  6181  6373  6500  6563  6624  6615  2403  6560  6552  2277  6436
1873    6497  6487  1495  6103  2199  6807  1573  5796  1637  5795  1688  5655
1885    1689  5719  1817  5975  1816  6039  2392  6359  2393  6423  2521  6679
1897    2520 14935  2021  5924  5794  5727  5725  5786  5912  6103  6231  6424
1909    6554  6621  6623  6562  6436  6245  6117  1762  5792  5788  5850  2394
1921    6556  6560  6498  2021  5988  5923  5856  5852  5913  5976  6103  2135
1933    6360  6425  6492  6496  6435  6372 14437  1701  5776  1764  5841  1509
1945    5925  5904  1826  5988  6117  6245  6436  6562  6623  6621  6554  6424
1957    6231  6103  5976  5914  2402  6560  6556  6490  2149  6372  6435  6496
1969    6492  6425  6360  6231  1488  6096  1573  5796  1637  5795  1681  5648
1981    1682  5712  1810  5968  1809 14224  2340  6416  2403  6481  2276  6500
1993    6565  6544  2338  6372  6245  6117  5924  5794  5727  5725  5786  5912
2005    6103  6231  6360  6426  1762  5792  5788  5850  2021  5988  5923  5856
2017    5852  5913  5976  6103  2128  6736  2321  6288  2322  6352  2450  6608
2029    2449 14864  1829  5911  1892  5976  1637  6053  6039  2403  6500  6436
2041    6434  6562  6564  6501  6373  6244  6114  6047  1623  6231  1701  5924
2053    1765  5923  1816  5783  1817  5847  1945  6103  1944 14359  2403  6565
2065    6561  6499  6436  6309  6053  5924  5859  5857  5919  6046  6365  6492
2077    6553  1828  5857  1824  6047  6366  6493  2460  6488  1763  5921  6048
2089    6367  6494  6556  6553  6488  6359  6103  5976  5913  5851  5847 14105
2101    1962  6044  6105  6168  6295  6423  6552  6618  2026  6107  6169  1962
2113    6188  6171  6232  6295  1765 14629  1701  5788  5849  5912  6039  6231
2125    6360  6425  6491  1764  5851  5913  1509  5925  5915  5976  6039  2405
2137    6487  6807  2468  6552  2213  6629  6615  1573  5796  1637  5795  2521
2149    6679  2520 14935  1701  6167  1765  6169  1829  6233  2468  6233  6167
2161    1573  6117  2213  6693  1637  5923  1957  5924  2341  6564  2533 14756
2173    1573  5911  1637  5914  1701  5978  2085  5978  5911  2085  6423  2149
2185    6426  2085  6309  6490  2596  6490  6423  1381  5989  2405  6885  1445
2197    5732  1829  5796  2469  6692  2725 14884  1701  6423  1765  6487  1829
2209    6551  2404  5848  1573  6117  2213  6693  1559  6039  2135  6679  1637
2221    5860  1957  5924  2277  6500  2533  6500  1752  5719  1752  5975  2328
2233    6295  2392 14807  1701  6167  1765  6169  1829  6233  2468  6233  6035
2245    5905  5776  5648  5585  5587  5715  5713  5649  5650  1573  6117  2213
2257    6693  1637  5923  1957  5924  2341  6564  2533 14756  2341  5783  2405
2269    5847  2469  5911  2469  5797  5793  1687  6551  6555  1765  5793  1829
2281    5794  1893  5795  2021  5796  2135  6552  2263  6553  2327  6554  2391
2293   14747  2028  5931  5800  5731  5728  5787  5912  6103  6231  6424  6555
2305    6624  6627  6568  6443  6252  6124  1834  5864  5796  5791  5851  5913
2317    2329  6491  6559  6564  6504  6442  2028  5995  5929  5860  5855  5914
2329    5976  6103  2135  6360  6426  6495  6500  6441  6379 14444  2026  6103
2341    2090  6168  2156  6231  2156  6057  5928  1751  6487  2008  5975  2009
2353    6039  2137  6295  2136 14551  1704  5799  5863  5864  5800  1705  5865
2365    5928  5927  5862  5798  5735  5736  5802  5867  6060  6316  6507  6570
2377    6632  6630  6564  6370  6048  5919  5789  5722  5719  2410  6568  6566
2389    6500  2220  6443  6504  6502  6436  6306  6048  1625  5786  5914  6233
2401    6489  6618  1818  6232  6488  6553  1818  6231  6487  6552  6618 14812
2413    1704  5799  5863  5864  5800  1705  5865  5928  5927  5862  5798  5735
2425    5736  5802  5867  6060  6316  6507  6569  6566  6500  6307  2347  6505
2437    6502  6436  2156  6379  6441  6438  6372  6243  2019  6307  6434  6560
2449    6622  6619  6553  6488  6295  6039  5848  5785  5723  5724  5789  5853
2461    5916  5915  5850  5786  2400  6558  6555  6489  2147  6370  6433  6494
2473    6491  6424  6295  1692  5787  5851  5852 13980  2153  6231  2218  6296
2485    2284  6359  2284  5661  6685  1943  6551  2136  6103  2137  6167  2265
2497    6423  2264 14679  1772  5730  5860  6053  6245  6436  6562  6623  6621
2509    6554  6424  6231  6039  5848  5785  5723  5724  5789  5853  5916  5915
2521    5850  5786  2402  6560  6556  6490  2149  6372  6435  6496  6492  6425
2533    6360  6231  1692  5787  5851  5852  5788  1772  6508  1771  6379  1770
2545    6122  6379 14700  2345  6440  6504  6505  6441  2410  6442  6377  6376
2557    6439  6503  6568  6569  6507  6380  6188  5995  5865  5799  5731  5725
2569    5786  5912  6103  6231  6424  6554  6621  6622  6561  6435  6244  6116
2581    5987  5922  5856  1833  5863  5795  5789  5850  5913  2394  6556  6559
2593    6497  2092  6059  5994  5928  5860  5853  5914  5976  6103  2135  6360
2605    6425  6492  6495  6434  6371 14436  1644  5734  2540  6633  6566  6305
2617    6239  6171  6167  2144  6174  6107  6103  2470  6241  6110  6043  6039
2629    6167  1640  5802  5932  6060  6377  6505  6570  6636  1770  5931  6059
2641    6186  1640  5801  5930  6058 14569  1964  5867  5801  5798  5860  6051
2653    6307  6500  6566  6569  6507  6316  6060  1835  5865  5862  5924  2340
2665    6502  6505  6443  1964  5995  5929  5926  5988  6051  2211  6372  6438
2677    6441  6379  6316  1955  5858  5793  5727  5723  5785  5848  6039  6295
2689    6488  6553  6619  6623  6561  6498  6307  1761  5791  5787  5849  2393
2701    6555  6559  6497  1955  5922  5855  5851  5912  6039  2199  6424  6491
2713    6495  6434 14499  1755  5850  5914  5915  5851  2403  6433  6368  6239
2725    6111  5920  5794  5733  5734  5801  5931  6124  6252  6443  6569  6630
2737    6624  6556  6490  6360  6167  5975  5848  5786  5787  5852  5916  5979
2749    5978  5913  5849  1762  5796  5799  5865  2346  6505  6566  6560  6492
2761    6426  2015  5984  5921  5860  5863  5930  5995  6124  2156  6379  6441
2773    6502  6495  6427  6361  6296 14359  2074  6105  6104  6167  6231  6296
2785    6297  6234  6170  2073  6168  6232  6233 14361  2200  6231  6167  6104
2797    6105  6170  6234  6297  6294  6228  6099  2073  6168  6232  6233  6169
2809    2135  6294  2200 14420  2085  6116  6115  6178  6242  6307  6308  6245
2821    6181  2084  6179  6243  6244  6180  2074  6105  6104  6167  6231  6296
2833    6297  6234  6170  2073  6168  6232  6233 14361  2085  6116  6115  6178
2845    6242  6307  6308  6245  6181  2084  6179  6243  6244  6180  2200  6231
2857    6167  6104  6105  6170  6234  6297  6294  6228  6099  2073  6168  6232
2869    6233  6169  2135  6294  2200 14420  2092  6123  6121  6177  2092  6174
2881    6238  2092  6252  6238  2156  6315  6313  6241  2074  6105  6104  6167
2893    6231  6296  6297  6234  6170  2073  6168  6232  6233 14361  1767  5864
2905    5928  5926  5798  5800  5866  5931  6060  6316  6507  6570  6632  6630
2917    6564  6499  6241  2410  6569  6565  6500  2220  6443  6505  6501  6435
2929    6370  2081  6174  6238  6241  6177  2074  6105  6104  6167  6231  6296
2941    6297  6234  6170  2073  6168  6232  6233 14361  2220  6187  6121  6118
2953    6181  6245  6310  6311  6248  6184  6119  2087  6182  6246  6247  6183
2965    2091  6119  2025 14376  2218  6249  6185  6122  6123  6188  6252  6315
2977    6312  6246  6117  2091  6186  6250  6251  6187  2153  6312  2218 14438
2989    2659  6756  6692  6690  6818  6820  6757  6693  6628  6562  6429  6298
3001    6168  6039  5783  5656  5594  5597  5663  6051  6181  6247  6249  6187
3013    6060  5931  5865  5862  5923  6048  6299  6488  6615  6743  6809  6810
3025    1624  5658  5661  5727  5792  2085  6249  2151  6187  1835  5863  1828
3037    6049  6300  6489  6616  1815  5784  5722  5725  5791  6051  1769  5925
3049    6113  6364  6553  6680  6744 15001  1968  6035  2224  6291  2471  6568
3061    6504  6502  6630  6632  6570  6507  6316  6060  5867  5737  5734  5796
3073    5986  6368  6495  6557  6554  6488  1702  5860  5987  6369  6496  6558
3085    1771  5801  5799  5861  5988  6370  6560  6622  6619  6553  6488  6295
3097    6039  5848  5785  5723  5725  5853  5851  5787 13980  2672  5584  5648
3109    2672  6832 13840  2288  6254  6123  5991  5922  5918  5977  6101  6226
3121    6352  2026  6055  5987  5981  6041  6102  2158  6188  6121  6051  6045
3133    6103  6164 14418  1904  6126  6251  6375  6434  6430  6361  6229  6098
3145    5968  2154  6311  6371  6365  6297  6230  2030  6188  6249  6307  6301
3157    6231  6164 14290  2092  6123  6241  6176  2092  6176  2092  6251  6113
3169    6176  1769  5929  6435  6499  1769  6499  1769  5864  6500  6499  2409
3181    6441  5923  5859  2409  5859  2409  6504  5860 14051  1569  6753  6752
3193    1569  5664 14944  2089  6168  6232  2089  6249  6232  1569  6753  6752
3205    1569  5664 14944  1573  6757  6756  1573  5668  6756  1565  6749  6748
3217    1565  5660 14940  1836  5867  5861  1835  5861  1836  5995  5861  2412
3229    6443  6437  2411  6437  2412  6571 14629 10272 10272 10272 10272 10272

